8.912382109543923e-34
6.507654218643838e-34
1.333272636450434e-33
2.408212341577709e-33
3.679299928173212e-08
5.832801165579308e-33
1.008886377501988e-33
1.473122707525357e-33
1.562180419051914e-32
1.066551730079236e-33
2.109514135246093e-33
9.174448728258017e-33
3.688183746027660e-08
1.198602170456537e-33
1.017818073256212e-33
5.131468009567599e-34
7.753731540212100e-34
7.158034942166879e-34
2.602580484285413e-33
5.909767920866528e-33
3.706026584344884e-08
4.744745964842747e-33
2.738272204327076e-34
2.523228241977066e-33
7.904111925445463e-33
6.887644676586847e-33
1.721628895475293e-33
1.627737235147949e-32
3.732980072212971e-08
2.549243262710901e-33
1.877120168093528e-33
7.233260025644398e-33
6.306569207875067e-34
7.080033020310007e-34
3.109318767789710e-33
1.650251429201319e-32
3.769274744729318e-08
1.783738948543189e-32
1.238541199689044e-32
8.445645267292999e-32
3.250127980089671e-34
7.509544133688109e-32
1.129488763894312e-32
2.255381592061755e-33
3.815223842875861e-08
4.092085591769813e-33
1.467294241591649e-33
2.361384015918805e-33
1.479870667060231e-33
4.171345154489731e-34
2.650461169209027e-33
7.783912453033840e-33
3.871228533929906e-08
1.066830673655280e-32
1.051647540500195e-32
8.045200987547729e-32
1.113247613534825e-32
9.081484851237356e-32
1.024475397639969e-32
1.910753320657846e-32
3.937784691823350e-08
1.626278430048385e-32
4.325980384399784e-34
5.027779692003662e-33
4.310907530493793e-33
2.775194589753562e-34
4.121123550409550e-34
7.724054276326144e-34
4.015491421359614e-08
3.900931517448854e-34
5.651897974831020e-34
1.420513843220946e-34
1.312187647195724e-33
5.717663100947780e-34
4.408105693022243e-34
1.348268778542240e-34
4.105061562542676e-08
9.886574901414177e-34
1.276909924166436e-34
1.971041894311666e-34
1.165474911211455e-33
1.830637002336584e-34
6.799303861349913e-35
3.903570158248204e-34
4.207334472218952e-08
3.717052157453498e-34
9.263392288272081e-35
1.438853685793896e-34
1.163173214870945e-34
3.325761919003483e-34
2.561948334073280e-34
2.752320472203245e-34
4.323291454639527e-08
1.385698160278631e-34
5.140362690882418e-35
7.530136139316352e-35
2.293224327323599e-34
1.085872123455897e-34
4.727653689410079e-35
2.532765031540533e-34
4.454074301831902e-08
6.626138278495421e-34
3.247203343158785e-34
5.660298392501893e-34
1.608340651610992e-33
2.624833192750701e-34
4.251072128228129e-35
1.851346629139127e-33
4.601007514937717e-08
1.972212139799831e-34
1.477508043648164e-35
3.473968468913050e-34
1.397327699192981e-34
1.992711516653552e-34
3.301324258707375e-34
5.751048664727146e-34
4.765624913545078e-08
2.886853847174693e-34
6.922468241766008e-34
1.503017356448359e-35
1.402149151409180e-33
1.063225547498918e-33
4.733395186800841e-34
4.836440950701644e-33
4.949701509321146e-08
2.219074392381369e-33
9.325815523728981e-34
8.427811375721465e-33
1.029392792889135e-32
4.068413441363786e-33
1.189036721325100e-33
3.009840409609612e-34
5.155291732425457e-08
1.320197566317254e-33
1.057687046517150e-33
7.899809039174732e-33
7.442460929910802e-33
9.291236181443878e-33
9.732229656982111e-34
3.500076556631665e-34
5.384775366249429e-08
4.316038960714934e-34
5.881518332534155e-34
2.231571117396646e-33
2.972477534352049e-33
1.822048489737320e-33
5.230309233489086e-34
2.234119069996197e-34
5.640912885086830e-08
5.007767978276723e-34
1.301914076154895e-33
6.826881600353258e-33
3.361595131227909e-33
1.264996464392222e-32
1.540472545902524e-33
2.539194994461387e-33
5.926912320721190e-08
3.760726052671270e-33
3.692394934943469e-35
2.323815653641922e-33
1.582028208197264e-33
3.631859144241233e-34
9.146464816350170e-36
5.971778958396793e-34
6.246510337831635e-08
4.155492237586111e-35
4.842200637536675e-34
5.790267895006866e-34
5.462345354853325e-34
5.627846547868760e-34
6.664968825331949e-35
6.543657068908024e-34
6.604070911413852e-08
6.408783379206874e-34
7.676242255555614e-35
3.617841384415170e-34
4.976136342336653e-34
1.208000595932643e-34
3.339900973396647e-36
2.951371358101797e-34
7.004705924904539e-08
4.976707591983953e-34
1.578963579393017e-34
2.663731302529822e-34
1.618442989117284e-34
1.278779946231465e-34
1.795760631053898e-34
1.034551376973604e-33
7.454423215202569e-08
9.319639040399838e-35
1.769863364350868e-35
1.050820089578887e-34
8.996092683481493e-35
7.908867577145669e-35
1.479886071224705e-34
8.363518229727664e-35
7.960309175961456e-08
1.444921848929847e-33
1.529457296479199e-34
5.742661345055275e-34
5.388896853678880e-33
1.077307033843056e-33
4.234682451828568e-34
3.431773416506466e-33
8.530755125840169e-08
4.348091239506982e-34
5.072478010414325e-34
9.528795082790079e-34
1.118194763571091e-34
4.931562745477117e-35
9.947795436640433e-34
1.976190507658713e-33
9.175739436433630e-08
2.521619224800614e-33
5.246255775339374e-34
1.072993969347504e-33
8.759603645128496e-33
1.390634055272369e-32
5.726755888942014e-34
2.746597747547707e-32
9.907181151548876e-08
3.484492971980542e-32
1.018903870807023e-32
1.418333790085407e-31
2.374921758614591e-31
1.230281579584205e-31
1.036843826071357e-32
1.384352670561149e-32
1.073938587601156e-07
8.829683140818212e-33
1.574696251426876e-33
4.667453331739826e-33
7.732862866679287e-33
8.027791006351901e-33
8.454834586886087e-34
4.734622906196129e-33
1.168961158071098e-07
6.971361828402487e-33
7.908262063715345e-33
9.542919352189824e-32
1.754040845290434e-31
1.202480371056544e-31
8.840329289644794e-33
2.423740631082311e-32
1.277879139998666e-07
2.207021916806823e-32
3.621602990450650e-34
2.479508667767005e-33
2.556345686232024e-31
1.068140377597955e-32
2.424891134556671e-33
5.349849710188967e-33
1.403246355014635e-07
1.743418199178070e-32
4.888698020305762e-34
5.842458784393258e-33
6.332757338827011e-33
9.499962063144508e-35
2.210917313827217e-33
2.141230817086091e-33
1.548197674647565e-07
4.229182771293128e-33
1.538797202382870e-33
6.355568423404346e-34
2.395839966810224e-33
4.670401678813525e-34
5.962048989713164e-34
4.501250303402743e-34
1.716606524455144e-07
5.325213309942294e-33
1.019160891210709e-33
9.503576173733250e-34
4.476555904329535e-33
3.842115439163092e-34
1.933226528798337e-33
2.967804166875680e-33
1.913292436228075e-07
1.082436365010636e-33
1.310823406798756e-33
6.545773670150352e-35
5.285491850076804e-34
7.636914625924746e-35
2.785585470345907e-34
1.201154428166865e-33
2.144297029990128e-07
2.036369596612303e-33
1.193365979904896e-33
2.771669836341610e-34
1.655175221387275e-33
7.956888078303293e-34
3.407141894470881e-34
3.798026340813139e-33
2.417254535909535e-07
4.776397565502305e-34
5.124761634562119e-34
5.260475780892641e-34
1.849520590853937e-34
1.022147475011816e-34
5.299344020118442e-34
1.332037877429749e-33
2.741894385579964e-07
9.451716816258446e-34
1.297099875229617e-33
4.635582086556032e-35
6.106913392586509e-33
2.290807157343202e-33
4.342347679208986e-34
3.855282581359686e-33
3.130730503929488e-07
2.303629842679116e-33
1.474938662698147e-33
1.905566663896227e-33
4.390655717474312e-33
5.060375205074316e-34
8.329371644696243e-34
2.706207574995068e-33
3.600017916070599e-07
7.048482029392065e-33
3.364769394291003e-33
1.300119753315626e-32
1.503290083770270e-32
9.323459085822720e-33
7.955923082312023e-34
2.069356350508123e-33
4.171097375376793e-07
1.483211911740197e-34
1.608192498656970e-33
1.307662800733696e-33
1.324401512066855e-32
2.093587972481975e-33
1.741093839819247e-33
2.516570763975301e-33
4.872311620331585e-07
5.886770026204293e-33
1.097313865809530e-33
1.811768551744315e-32
3.117756234718673e-32
1.828016195050960e-32
2.643175107150073e-34
4.984797549278925e-33
5.741777348377303e-07
2.948810005581247e-33
1.462832898923343e-34
2.575190617908699e-33
6.696921940072738e-34
1.400270092113501e-33
3.336167345451918e-34
2.486370200265096e-34
6.831460670474208e-07
7.964030522242064e-34
2.589704755375543e-35
6.197004300388641e-34
1.427095424318483e-33
6.414457318561941e-34
3.137811686594772e-35
9.977919762585861e-34
8.213276149573163e-07
7.225021650770512e-35
1.373035764970857e-34
4.521657025109398e-34
1.100715026213316e-34
1.744455618056163e-34
1.295040785030238e-34
1.504512946453945e-34
9.988393311561858e-07
6.396187493185762e-34
1.489433622320977e-34
1.639095691065236e-34
1.770492684108167e-34
4.331498035447974e-34
1.166751801500844e-34
1.208958260616471e-33
1.230174469913115e-06
3.029555420623465e-34
6.766635083613702e-35
2.015804699252556e-34
1.395325187338956e-32
3.407910359094607e-36
5.425293447993908e-35
2.823375105259505e-34
1.536518514114586e-06
3.893420914088116e-34
2.234867614256306e-34
1.253277481059180e-34
7.481980636288014e-34
6.451398640489034e-34
1.044442868903125e-34
1.690500995165012e-33
1.949544978414847e-06
9.593766842391405e-34
2.437888063616219e-34
5.936201234050800e-34
2.654879018933922e-32
7.395287840297453e-34
2.113623736391551e-34
2.278425892536890e-34
2.517823545444600e-06
1.750318334490117e-34
2.070796779352351e-34
7.876371204272338e-34
1.744794765507617e-33
3.423327686668436e-33
1.137219460568211e-33
5.111365823920156e-33
3.318005931777222e-06
1.062765465632075e-32
1.026088410389129e-32
1.843488787104696e-32
3.071655004220575e-32
1.572760986420902e-32
8.085530402225798e-33
2.951021481092740e-33
4.475108876251687e-06
4.380778280560127e-34
1.343197539638031e-34
4.507905614911584e-34
4.370843251529393e-33
1.315178756845024e-33
5.094797382896236e-34
6.608377603003065e-34
6.200937799451331e-06
5.642818586375767e-33
8.383582422890273e-33
8.291053943507014e-33
1.987699866933074e-32
1.162728935080140e-32
1.277518988035582e-32
2.678171009311572e-33
8.870677420270394e-06
4.487210391464154e-34
1.575672217987250e-34
3.186441113277578e-33
1.189604175235165e-32
4.375981628087824e-33
1.416822432647523e-34
4.150516315803864e-33
1.318500998101008e-05
1.848765183341990e-33
1.267613178082826e-33
1.554976898350399e-33
6.130570013308903e-33
8.131661820289983e-34
1.040832565178805e-33
1.225807210116865e-34
2.053889659083989e-05
3.763976760540903e-34
6.996159678276301e-35
9.169064604398124e-35
6.439501518576437e-34
6.615192601525718e-34
4.988533223978991e-35
2.508961356840772e-33
3.393783578680444e-05
1.104114908623772e-33
6.752561521550159e-34
8.650714028588449e-34
4.906993160910925e-33
2.270450167952013e-34
3.990225578804856e-34
2.745077755365081e-34
6.054160279155661e-05
1.302935566662612e-34
2.261436351321322e-34
1.304518768087615e-34
1.690990466257529e-33
5.121358117565665e-34
3.995854528113573e-35
2.152862256120010e-33
1.198267678467358e-04
1.200918936906658e-33
4.588481030004744e-34
7.977578977482114e-34
5.019101080941246e-33
2.453032288395709e-34
1.091328681439060e-33
8.223128973109017e-34
2.755484864784130e-04
4.563787473239419e-36
6.712026994995883e-34
5.378336066213381e-34
5.998973899541540e-34
1.164631915545140e-33
4.416033464805156e-34
4.230668570737196e-33
8.041889250422154e-04
2.427710900904102e-33
1.125536019251980e-33
3.416852762884482e-33
1.287380379703877e-33
1.749650535234425e-33
7.228115980709345e-34
1.988751432745505e-33
3.683812753927530e-03
1.193534206542113e-33
3.215505931445051e-33
2.992343321235330e-33
4.125938265057440e-34
5.407812282184174e-33
6.395653066231850e-33
2.054432212150027e-32
6.487812383726410e-02
4.140153750632140e-32
3.414469076025712e-32
1.356605401336165e-31
9.999999999999993e-01
8.444981485444802e-32
2.445306923944056e-32
2.264363996423888e-32
1.800722954977139e-01
5.849167665189417e-33
4.722058058503409e-34
3.190169802280025e-34
9.391079466603373e-34
3.190169802280021e-34
4.722058058503413e-34
5.849167665189402e-33
1.800722954977141e-01
2.264363996423890e-32
2.445306923944057e-32
8.444981485444806e-32
1.000000000000000e+00
1.356605401336168e-31
3.414469076025715e-32
4.140153750632145e-32
6.487812383726416e-02
2.054432212150032e-32
6.395653066231859e-33
5.407812282184207e-33
4.125938265057527e-34
2.992343321235319e-33
3.215505931445054e-33
1.193534206542113e-33
3.683812753927537e-03
1.988751432745507e-33
7.228115980709370e-34
1.749650535234426e-33
2.045694945200032e-33
3.416852762884486e-33
1.125536019251982e-33
2.427710900904104e-33
8.041889250422164e-04
4.230668570737206e-33
4.416033464805171e-34
1.164631915545153e-33
5.998973899541658e-34
5.378336066213308e-34
6.712026994995889e-34
4.563787473239091e-36
2.755484864784128e-04
8.223128973108973e-34
1.091328681439060e-33
2.453032288395734e-34
1.970007807371057e-33
7.977578977482176e-34
4.588481030004732e-34
1.200918936906658e-33
1.198267678467356e-04
2.152862256120010e-33
3.995854528113595e-35
5.121358117565665e-34
1.690990466257528e-33
1.304518768087614e-34
2.261436351321324e-34
1.302935566662618e-34
6.054160279155674e-05
2.745077755365063e-34
3.990225578804868e-34
2.270450167952044e-34
5.103264336126942e-33
8.650714028588530e-34
6.752561521550131e-34
1.104114908623777e-33
3.393783578680428e-05
2.508961356840780e-33
4.988533223978995e-35
6.615192601525750e-34
6.439501518576486e-34
9.169064604398260e-35
6.996159678276302e-35
3.763976760540913e-34
2.053889659083972e-05
1.225807210116863e-34
1.040832565178805e-33
8.131661820290017e-34
6.038296497406384e-34
1.554976898350401e-33
1.267613178082826e-33
1.848765183341996e-33
1.318500998101017e-05
4.150516315803876e-33
1.416822432647525e-34
4.375981628087837e-33
1.189604175235167e-32
3.186441113277589e-33
1.575672217987254e-34
4.487210391464167e-34
8.870677420270399e-06
2.678171009311571e-33
1.277518988035583e-32
1.162728935080140e-32
2.199070292763794e-32
8.291053943507008e-33
8.383582422890276e-33
5.642818586375773e-33
6.200937799451307e-06
6.608377603003071e-34
5.094797382896237e-34
1.315178756845024e-33
4.370843251529396e-33
4.507905614911590e-34
1.343197539638035e-34
4.380778280560109e-34
4.475108876251683e-06
2.951021481092743e-33
8.085530402225806e-33
1.572760986420902e-32
2.687047026764413e-32
1.843488787104696e-32
1.026088410389130e-32
1.062765465632075e-32
3.318005931777211e-06
5.111365823920156e-33
1.137219460568210e-33
3.423327686668435e-33
1.744794765507619e-33
7.876371204272343e-34
2.070796779352356e-34
1.750318334490113e-34
2.517823545444654e-06
2.278425892536890e-34
2.113623736391546e-34
7.395287840297419e-34
2.495149037853865e-32
5.936201234050805e-34
2.437888063616215e-34
9.593766842391367e-34
1.949544978414788e-06
1.690500995165012e-33
1.044442868903127e-34
6.451398640489008e-34
7.481980636288008e-34
1.253277481059189e-34
2.234867614256306e-34
3.893420914088120e-34
1.536518514114503e-06
2.823375105259507e-34
5.425293447993942e-35
3.407910359094444e-36
1.478953228215731e-32
2.015804699252561e-34
6.766635083613708e-35
3.029555420623460e-34
1.230174469913127e-06
1.208958260616471e-33
1.166751801500845e-34
4.331498035447961e-34
1.770492684108167e-34
1.639095691065230e-34
1.489433622320979e-34
6.396187493185750e-34
9.988393311561932e-07
1.504512946453948e-34
1.295040785030236e-34
1.744455618056157e-34
6.619068171035171e-34
4.521657025109392e-34
1.373035764970845e-34
7.225021650770532e-35
8.213276149573066e-07
9.977919762585873e-34
3.137811686594791e-35
6.414457318561943e-34
1.427095424318483e-33
6.197004300388647e-34
2.589704755375560e-35
7.964030522242052e-34
6.831460670474294e-07
2.486370200265096e-34
3.336167345451930e-34
1.400270092113498e-33
5.253393749798322e-34
2.575190617908702e-33
1.462832898923337e-34
2.948810005581244e-33
5.741777348377312e-07
4.984797549278929e-33
2.643175107150074e-34
1.828016195050960e-32
3.117756234718673e-32
1.811768551744316e-32
1.097313865809529e-33
5.886770026204293e-33
4.872311620331630e-07
2.516570763975305e-33
1.741093839819245e-33
2.093587972481975e-33
1.508158405915318e-32
1.307662800733693e-33
1.608192498656968e-33
1.483211911740196e-34
4.171097375376832e-07
2.069356350508124e-33
7.955923082312018e-34
9.323459085822710e-33
1.503290083770270e-32
1.300119753315627e-32
3.364769394291001e-33
7.048482029392070e-33
3.600017916070530e-07
2.706207574995076e-33
8.329371644696240e-34
5.060375205074376e-34
4.885215671374159e-33
1.905566663896217e-33
1.474938662698146e-33
2.303629842679110e-33
3.130730503929505e-07
3.855282581359679e-33
4.342347679208980e-34
2.290807157343196e-33
6.106913392586501e-33
4.635582086556046e-35
1.297099875229616e-33
9.451716816258453e-34
2.741894385580022e-07
1.332037877429754e-33
5.299344020118413e-34
1.022147475011795e-34
4.355737089763398e-34
5.260475780892558e-34
5.124761634562152e-34
4.776397565502293e-34
2.417254535909452e-07
3.798026340813134e-33
3.407141894470891e-34
7.956888078303292e-34
1.655175221387276e-33
2.771669836341644e-34
1.193365979904894e-33
2.036369596612304e-33
2.144297029990119e-07
1.201154428166860e-33
2.785585470345900e-34
7.636914625924824e-35
4.526944211974560e-34
6.545773670150412e-35
1.310823406798756e-33
1.082436365010636e-33
1.913292436228008e-07
2.967804166875676e-33
1.933226528798337e-33
3.842115439163063e-34
4.476555904329531e-33
9.503576173733267e-34
1.019160891210707e-33
5.325213309942298e-33
1.716606524455332e-07
4.501250303402758e-34
5.962048989713197e-34
4.670401678813465e-34
3.214135156780960e-31
6.355568423404281e-34
1.538797202382868e-33
4.229182771293110e-33
1.548197674647787e-07
2.141230817086083e-33
2.210917313827215e-33
9.499962063144497e-35
6.332757338827011e-33
5.842458784393265e-33
4.888698020305764e-34
1.743418199178070e-32
1.403246355016510e-07
5.349849710188980e-33
2.424891134556675e-33
1.068140377597953e-32
5.743879664189476e-33
2.479508667767022e-33
3.621602990450612e-34
2.207021916806823e-32
1.277879139997439e-07
2.423740631082315e-32
8.840329289644791e-33
1.202480371056544e-31
1.754040845290436e-31
9.542919352189837e-32
7.908262063715348e-33
6.971361828402504e-33
1.168961158070856e-07
4.734622906196127e-33
8.454834586886070e-34
8.027791006351904e-33
6.426871330728525e-33
4.667453331739830e-33
1.574696251426876e-33
8.829683140818201e-33
1.073938587600979e-07
1.384352670561150e-32
1.036843826071357e-32
1.230281579584205e-31
2.374921758614591e-31
1.418333790085408e-31
1.018903870807023e-32
3.484492971980543e-32
9.907181151548897e-08
2.746597747547708e-32
5.726755888942011e-34
1.390634055272372e-32
7.867419257929212e-33
1.072993969347494e-33
5.246255775339349e-34
2.521619224800613e-33
9.175739436433439e-08
1.976190507658717e-33
9.947795436640411e-34
4.931562745477101e-35
1.118194763571095e-34
9.528795082790076e-34
5.072478010414324e-34
4.348091239506982e-34
8.530755125839593e-08
3.431773416506473e-33
4.234682451828563e-34
1.077307033843065e-33
5.772115544196650e-33
5.742661345055315e-34
1.529457296479207e-34
1.444921848929851e-33
7.960309175962526e-08
8.363518229727665e-35
1.479886071224701e-34
7.908867577145724e-35
8.996092683481571e-35
1.050820089578890e-34
1.769863364350860e-35
9.319639040399755e-35
7.454423215201717e-08
1.034551376973604e-33
1.795760631053894e-34
1.278779946231448e-34
2.275649863590402e-34
2.663731302529808e-34
1.578963579393024e-34
4.976707591983961e-34
7.004705924904217e-08
2.951371358101802e-34
3.339900973396590e-36
1.208000595932651e-34
4.976136342336683e-34
3.617841384415184e-34
7.676242255555623e-35
6.408783379206873e-34
6.604070911413919e-08
6.543657068908043e-34
6.664968825332003e-35
5.627846547868763e-34
7.138149179671335e-34
5.790267895006867e-34
4.842200637536697e-34
4.155492237586093e-35
6.246510337831340e-08
5.971778958396773e-34
9.146464816350106e-36
3.631859144241232e-34
1.582028208197260e-33
2.323815653641917e-33
3.692394934943455e-35
3.760726052671272e-33
5.926912320721668e-08
2.539194994461392e-33
1.540472545902522e-33
1.264996464392224e-32
4.154594207826561e-33
6.826881600353264e-33
1.301914076154896e-33
5.007767978276738e-34
5.640912885086915e-08
2.234119069996207e-34
5.230309233489078e-34
1.822048489737317e-33
2.972477534352048e-33
2.231571117396648e-33
5.881518332534160e-34
4.316038960714940e-34
5.384775366249180e-08
3.500076556631674e-34
9.732229656982108e-34
9.291236181443879e-33
1.581340383120886e-32
7.899809039174740e-33
1.057687046517152e-33
1.320197566317253e-33
5.155291732425673e-08
3.009840409609631e-34
1.189036721325101e-33
4.068413441363780e-33
1.029392792889134e-32
8.427811375721452e-33
9.325815523728976e-34
2.219074392381363e-33
4.949701509320697e-08
4.836440950701644e-33
4.733395186800845e-34
1.063225547498919e-33
3.100024390380865e-33
1.503017356448351e-35
6.922468241766003e-34
2.886853847174698e-34
4.765624913545352e-08
5.751048664727149e-34
3.301324258707368e-34
1.992711516653543e-34
1.397327699192972e-34
3.473968468913042e-34
1.477508043648155e-35
1.972212139799817e-34
4.601007514937801e-08
1.851346629139124e-33
4.251072128228214e-35
2.624833192750712e-34
1.275547339279121e-33
5.660298392501896e-34
3.247203343158783e-34
6.626138278495433e-34
4.454074301831857e-08
2.532765031540536e-34
4.727653689410069e-35
1.085872123455899e-34
2.293224327323610e-34
7.530136139316344e-35
5.140362690882442e-35
1.385698160278628e-34
4.323291454639734e-08
2.752320472203247e-34
2.561948334073281e-34
3.325761919003459e-34
1.660567129936164e-34
1.438853685793891e-34
9.263392288272032e-35
3.717052157453486e-34
4.207334472219086e-08
3.903570158248194e-34
6.799303861349910e-35
1.830637002336568e-34
1.165474911211451e-33
1.971041894311652e-34
1.276909924166436e-34
9.886574901414163e-34
4.105061562542746e-08
1.348268778542244e-34
4.408105693022229e-34
5.717663100947756e-34
1.685212151449061e-33
1.420513843220941e-34
5.651897974831011e-34
3.900931517448841e-34
4.015491421360309e-08
7.724054276326139e-34
4.121123550409553e-34
2.775194589753550e-34
4.310907530493784e-33
5.027779692003659e-33
4.325980384399778e-34
1.626278430048384e-32
3.937784691822644e-08
1.910753320657846e-32
1.024475397639968e-32
9.081484851237353e-32
1.049764975611275e-32
8.045200987547725e-32
1.051647540500195e-32
1.066830673655279e-32
3.871228533929736e-08
7.783912453033844e-33
2.650461169209024e-33
4.171345154489722e-34
1.479870667060234e-33
2.361384015918807e-33
1.467294241591649e-33
4.092085591769807e-33
3.815223842875691e-08
2.255381592061756e-33
1.129488763894312e-32
7.509544133688101e-32
3.123613164056042e-34
8.445645267293000e-32
1.238541199689043e-32
1.783738948543188e-32
3.769274744729318e-08
1.650251429201322e-32
3.109318767789704e-33
7.080033020310007e-34
6.306569207874924e-34
7.233260025644368e-33
1.877120168093524e-33
2.549243262710890e-33
3.732980072213374e-08
1.627737235147947e-32
1.721628895475290e-33
6.887644676586835e-33
7.966881420768111e-33
2.523228241977056e-33
2.738272204327075e-34
4.744745964842744e-33
3.706026584345285e-08
5.909767920866525e-33
2.602580484285409e-33
7.158034942166827e-34
7.753731540212166e-34
5.131468009567621e-34
1.017818073256211e-33
1.198602170456532e-33
3.688183746027660e-08
9.174448728257997e-33
2.109514135246091e-33
1.066551730079231e-33
1.362741615542369e-32
1.473122707525358e-33
1.008886377501989e-33
5.832801165579308e-33
3.679299928174277e-08
2.408212341577700e-33
1.333272636450435e-33
6.507654218643863e-34
