1.737332000848686e-32
2.138374881576663e-33
5.902542095243860e-33
3.803617678960351e-32
2.533494829886548e-07
1.779390667502354e-32
2.139016414555177e-33
1.807763016589908e-33
5.855692310788804e-33
3.274632804624470e-33
7.157407107818757e-33
1.731331558503644e-32
2.539623147412598e-07
2.696821246384678e-32
3.979575056359928e-34
4.701353872415387e-33
3.832544068537101e-32
1.487571524298564e-32
6.829931526242966e-33
6.079074802290656e-32
2.551931780601979e-07
1.618483678565930e-32
2.967868200785869e-33
7.050509652985668e-33
8.265934326388556e-33
3.125838846157977e-34
1.549840161623245e-32
8.895700060943305e-32
2.570525574418961e-07
1.135126170283777e-31
2.496036949319254e-32
2.502172623725439e-31
2.802568451963259e-32
2.905086294743721e-31
4.156658681418250e-32
4.092006319215983e-32
2.595563940112502e-07
4.095272060024457e-32
6.214651270581013e-33
1.628875803575298e-32
2.171490664318350e-32
2.512283704544022e-33
5.300713251707333e-33
3.151669946824266e-33
2.627263490518116e-07
4.114532783346707e-33
2.938277190345093e-33
4.420853858005230e-33
1.373589581881907e-33
1.712039163292149e-32
3.616377380643938e-33
2.544324920342175e-32
2.665901660911950e-07
7.908495636062066e-33
3.963212351057517e-33
1.204954063323777e-32
4.655318735071243e-33
2.763276717402211e-33
1.437117024323976e-32
5.462305348945190e-32
2.711821412387758e-07
1.001090439343829e-31
4.133475375233492e-32
2.991027365135594e-31
2.448925541385188e-32
3.108055442650688e-31
3.475688187746650e-32
9.551572754024309e-32
2.765437145975056e-07
6.328841106072919e-32
2.055841528840248e-33
1.270133647270325e-32
2.084334413715929e-32
1.009775688803989e-34
9.330609332683248e-34
5.086085334033017e-33
2.827241991797210e-07
1.994020320567623e-33
3.390089909570686e-33
1.494818636802551e-33
6.109004008082520e-33
1.873276038154328e-33
5.513924350533943e-34
8.378229836859799e-34
2.897816680590951e-07
3.668475770388626e-33
1.725443323801931e-33
9.697428744113056e-34
2.940159934281048e-33
1.563005233387814e-33
1.399614584631241e-33
8.319938078452430e-34
2.977840256279873e-07
1.868386080537400e-33
1.959807356623890e-34
8.448595535956192e-34
1.453049772270115e-33
1.960542045922304e-33
3.164565207564972e-34
5.355185174570327e-33
3.068102951138367e-07
7.495556080819420e-34
2.139751802293286e-34
3.853815840428054e-33
1.320184783333328e-33
6.902320726481399e-34
1.028161603391188e-33
1.853860345506826e-33
3.169521621781330e-07
1.814262654570137e-33
8.294677964699014e-34
1.868408030426646e-34
1.057105972842585e-32
3.011911584189733e-33
5.725250601780918e-34
1.064964097587325e-32
3.283158239382183e-07
1.011634440147071e-32
2.138109075260167e-33
1.639182671285334e-32
3.687415836866368e-32
1.198434824330892e-32
4.322759441928117e-33
3.005696264594406e-34
3.410242045952938e-07
8.623742117253718e-33
3.194721412961719e-33
1.587778741573736e-32
4.560166860272214e-33
3.654821474012928e-32
2.597424634904097e-33
5.999182354072981e-33
3.552196136929954e-07
7.132009615043989e-33
2.580911174149539e-34
5.219485010233373e-33
7.099506941520718e-33
8.671568261556128e-34
5.042288080098958e-34
3.018583849701493e-33
3.710669417715298e-07
3.808638904567002e-35
2.201610427593269e-33
5.792888558467787e-34
2.256773542394142e-32
1.478021289751922e-33
1.334650224312369e-33
7.808746702769176e-33
3.887575119180876e-07
4.928710036198585e-33
1.159576115745261e-33
1.347909690329754e-32
3.589012580754252e-32
6.065268930223054e-33
3.845773725629343e-33
3.234004359417370e-34
4.085137360312704e-07
8.651053421529252e-33
5.797305944565365e-33
2.704106515304777e-32
3.084823306372589e-33
4.571968294514902e-32
4.575074562966673e-33
1.436206374014170e-32
4.305947634823523e-07
1.195840911434483e-32
4.279253433518901e-35
5.904619348060708e-33
9.048065621323127e-33
1.002698572660068e-34
6.274586647400141e-34
1.916942224443484e-33
4.553033600369045e-07
6.659771825690328e-34
1.716966732384124e-33
1.754770024976356e-33
1.427019295206228e-33
1.403989579066126e-33
1.417269232346185e-34
3.394361133718947e-33
4.829943200106271e-07
1.591551432205546e-33
9.311290291917888e-34
1.496188549390956e-33
3.234113556023611e-34
1.063959533796253e-33
9.146782376492448e-34
1.845199331831167e-33
5.140847996983691e-07
3.296796907411134e-33
7.749489070939557e-34
4.939917247673994e-34
5.821435142323973e-33
2.869968614946660e-33
1.886551375111466e-33
1.247897614231087e-32
5.490670719235720e-07
4.176044960170685e-33
9.528869718399663e-35
6.144292741315495e-33
1.528447503495757e-33
6.145932662584481e-34
3.229758222323415e-33
4.417305116799714e-33
5.885243494902815e-07
9.621492116679310e-33
8.819794544433159e-34
2.677728510089370e-33
2.639570084070041e-32
3.409610895997483e-32
3.351718020498474e-33
1.076743327658627e-31
6.331505224471618e-07
1.716831783896744e-31
1.413394724404289e-32
4.172048139660387e-31
8.564157226156864e-31
4.252722825102499e-31
1.724594082400211e-32
1.128823426406449e-31
6.837749186475575e-07
6.328200428569748e-32
1.151650204007162e-33
5.179060151220562e-33
3.965627434053455e-33
2.774073246654898e-32
5.347500962660578e-33
7.767790272923498e-33
7.413935548808124e-07
2.415736419870620e-32
2.650041984842152e-33
1.420691161529046e-32
1.348166263541520e-32
1.727898172860187e-33
5.532208340518809e-33
2.227055971869378e-33
8.072088337475128e-07
5.674160841713305e-33
5.784913541603952e-33
8.293452520342227e-33
3.830718731296325e-31
3.964915189122025e-32
9.382923207081785e-34
7.661205654151871e-32
8.826803121073619e-07
1.204736814196400e-31
2.301622286713352e-32
4.074342937496539e-31
8.018622673061854e-31
3.938012930811930e-31
2.071239872186798e-32
1.443428027025991e-31
9.695900975678144e-07
8.043183305499660e-32
7.014657131549273e-33
4.902763456752696e-33
6.350155894683872e-34
3.558803726254269e-32
2.276350028212229e-33
3.431222521519534e-32
1.070127732570539e-06
6.696525784735535e-32
4.918455657602037e-33
1.601375756358276e-32
2.559735789452913e-32
2.517154616689033e-34
1.611436264156054e-33
1.537616064596199e-32
1.187001269236485e-06
2.052260605791037e-32
3.289624835736157e-33
6.289694440745027e-34
5.031082006181753e-33
8.416267604142393e-34
1.677092971234118e-33
7.073369436331209e-33
1.323583873594865e-06
2.210352416826326e-32
2.872075412940666e-33
9.084594232996419e-34
1.093869270161143e-32
4.908397098952887e-33
7.461777162578171e-33
1.260080679763827e-32
1.484109108907079e-06
5.487149424732116e-33
4.812848834041814e-33
1.659160058958367e-33
2.324291823040752e-33
1.767070993717754e-34
5.215191907113807e-33
2.507534343105886e-33
1.673933625021588e-06
3.726307832237590e-33
9.837433051831084e-33
3.859856886893605e-33
1.434464172597792e-32
4.890402828461193e-33
2.483823853027179e-33
1.779390548669857e-32
1.899894248685194e-06
1.486234559272053e-32
5.302721039686497e-33
1.651305888668868e-33
4.260895408896919e-32
1.565460129814452e-33
2.966293449678131e-33
1.650433564484529e-32
2.170798896570472e-06
4.272515390199698e-32
2.641192019755251e-33
5.129871771567526e-32
6.691983653890098e-32
5.939606870566187e-32
1.608709465597208e-33
1.441797656134685e-32
2.498109688763709e-06
8.227127788075431e-33
1.741433784060184e-33
5.755920014528420e-33
2.179546871144925e-33
1.674083296002459e-33
2.165559372570299e-34
3.113081208022956e-33
2.896906020121267e-06
6.769775386574939e-34
2.674349671825131e-33
1.034034042000869e-33
2.625951324218726e-33
3.671495684445942e-33
9.506059998770863e-34
8.314723141493191e-33
3.387261671870154e-06
7.977225725201430e-33
9.280278038236211e-34
1.455538416097796e-33
2.470788972704276e-32
3.686238781974330e-33
5.438820960831020e-34
1.360664389140517e-32
3.996244462774155e-06
4.560298449312085e-32
1.913434478619567e-33
6.493534295514309e-32
8.274371624107318e-32
7.477915851837622e-32
4.647218271988062e-34
3.154396887032384e-32
4.760868928826519e-06
1.190498645071025e-32
1.013773380770893e-33
1.417698817844024e-32
3.546011742791809e-33
2.133560762583206e-33
1.660808861666445e-33
2.060551281596818e-33
5.732536964204595e-06
1.486323510349164e-33
1.882524159898958e-34
1.391012330488576e-33
7.641246696485866e-33
1.005676261463079e-33
1.720346496584719e-34
6.426480045200502e-33
6.983852390264881e-06
9.853610361628705e-34
4.405746806245747e-34
2.252199650066663e-33
1.359382719707195e-32
3.048305270296055e-34
6.624950178646397e-34
2.231584176629753e-33
8.619314461053869e-06
3.926996007764800e-33
2.954521600947655e-34
1.105089977848954e-33
4.491768971415690e-33
4.432343683073130e-33
7.783438858371530e-34
3.411625457125358e-33
1.079251975091443e-05
3.108556401690945e-33
4.358119848392709e-34
5.539817142639611e-34
2.689996155355482e-33
3.404136468809017e-33
1.785714115621613e-33
2.307669614876080e-34
1.373461276868668e-05
2.731381990427592e-34
2.724603897078452e-33
6.463684522623471e-33
1.778470793568716e-33
1.244073734292421e-32
3.628925343468681e-33
2.547135072757856e-32
1.780283780061286e-05
4.621603777682854e-32
3.819466623292970e-32
4.551961394331351e-32
1.498019019390881e-31
4.443126727129459e-32
3.590550643521256e-32
1.256270843006406e-32
2.356639774453882e-05
4.045023386859656e-33
2.885480297432730e-33
7.605990256546872e-33
1.640256442712673e-32
1.337205008575894e-32
2.823482445996421e-34
7.823212963956710e-33
3.196462535681145e-05
4.656336997007670e-33
4.829743545527302e-34
2.128078332353099e-33
1.677885347876103e-33
1.757521279729853e-34
5.429579452210314e-34
2.935953240158793e-34
4.461255466392833e-05
5.015180704707715e-35
8.062045057056235e-34
2.647001730591788e-33
2.874707917277858e-33
6.868577235624632e-33
2.517335421580888e-33
1.594045294583830e-32
6.442526619474429e-05
3.742214719815244e-32
2.872114866721591e-32
4.010334515560467e-32
7.349258430930916e-32
4.581146006472088e-32
4.378393545080867e-32
2.063221196326381e-32
9.698215728120496e-05
3.148324881301644e-33
6.829646048513815e-33
1.097144003887984e-32
2.700950485317489e-32
1.628525918873469e-32
4.567327982109714e-35
1.711258960093271e-32
1.537635922888417e-04
1.174141078266825e-32
3.206593134338905e-33
5.266682222581796e-33
3.090121407992530e-34
3.864194869699912e-33
2.377118850561633e-33
1.419281459782740e-33
2.606676158917865e-04
3.580150165888846e-34
6.826543670890961e-34
3.355896914181472e-34
7.324703833837705e-33
5.305822614889793e-34
1.852523028076829e-33
1.488152621667269e-32
4.836698438714136e-04
2.782976400209942e-33
2.811409142132714e-33
4.004667449060552e-33
1.594456102441831e-33
5.344585153160762e-34
2.296243966330022e-33
4.943157150535378e-33
1.022012664959921e-03
9.828711585565753e-35
3.182226577139165e-33
2.468507846652692e-33
2.428571295275807e-33
6.493922921059205e-33
1.226250811336815e-33
1.458205732515414e-32
2.656204086618177e-03
1.095348476754901e-32
4.139488577503331e-33
1.172303843050481e-32
3.367509420895725e-33
3.577885117245486e-33
2.297039547134182e-33
9.846226775647603e-33
1.027219850062786e-02
9.297618679733237e-33
1.059216027413907e-32
7.600253351809904e-33
2.934371854091883e-33
1.442659034228074e-32
2.178096829627244e-32
1.037766567195408e-31
1.377713474960575e-01
1.873838984425881e-31
1.389916301212119e-31
4.050908913352608e-31
8.201566406249994e-01
3.688490822570682e-31
9.696346797656035e-32
1.205653009905427e-31
2.273786831099237e-01
6.261679815296833e-32
8.015890871154025e-33
4.582890853595476e-33
3.745905968992135e-33
2.398011170306555e-33
3.692513527029340e-33
4.289891503456215e-34
4.947824672647231e-02
9.108730148077826e-34
3.010604828537555e-35
8.164909866653654e-34
3.273531173179895e-33
8.164909866653654e-34
3.010604828537620e-35
9.108730148077966e-34
4.947824672647234e-02
4.289891503456272e-34
3.692513527029329e-33
2.398011170306561e-33
3.745905968992195e-33
4.582890853595531e-33
8.015890871154053e-33
6.261679815296843e-32
2.273786831099239e-01
1.205653009905429e-31
9.696346797656040e-32
3.688490822570684e-31
8.201566406250006e-01
4.050908913352614e-31
1.389916301212121e-31
1.873838984425883e-31
1.377713474960576e-01
1.037766567195409e-31
2.178096829627247e-32
1.442659034228074e-32
2.934371854091872e-33
7.600253351809921e-33
1.059216027413907e-32
9.297618679733260e-33
1.027219850062786e-02
9.846226775647615e-33
2.297039547134192e-33
3.577885117245492e-33
3.367509420895724e-33
1.172303843050485e-32
4.139488577503323e-33
1.095348476754904e-32
2.656204086618179e-03
1.458205732515421e-32
1.226250811336817e-33
6.493922921059268e-33
2.428571295275853e-33
2.468507846652653e-33
3.182226577139167e-33
9.828711585566259e-35
1.022012664959922e-03
4.943157150535357e-33
2.296243966330028e-33
5.344585153160791e-34
9.023799018157282e-33
4.004667449060557e-33
2.811409142132713e-33
2.782976400209935e-33
4.836698438714142e-04
1.488152621667269e-32
1.852523028076831e-33
5.305822614889795e-34
7.324703833837737e-33
3.355896914181513e-34
6.826543670890977e-34
3.580150165888893e-34
2.606676158917870e-04
1.419281459782734e-33
2.377118850561641e-33
3.864194869699937e-33
3.090121407992565e-34
5.266682222581828e-33
3.206593134338903e-33
1.174141078266828e-32
1.537635922888411e-04
1.711258960093274e-32
4.567327982109712e-35
1.628525918873472e-32
2.700950485317493e-32
1.097144003887985e-32
6.829646048513816e-33
3.148324881301644e-33
9.698215728120503e-05
2.063221196326383e-32
4.378393545080867e-32
4.581146006472085e-32
7.011602354641181e-32
4.010334515560467e-32
2.872114866721593e-32
3.742214719815249e-32
6.442526619474454e-05
1.594045294583829e-32
2.517335421580883e-33
6.868577235624636e-33
2.874707917277876e-33
2.647001730591791e-33
8.062045057056220e-34
5.015180704707661e-35
4.461255466392841e-05
2.935953240158807e-34
5.429579452210323e-34
1.757521279729873e-34
1.677885347876105e-33
2.128078332353091e-33
4.829743545527328e-34
4.656336997007680e-33
3.196462535681135e-05
7.823212963956710e-33
2.823482445996428e-34
1.337205008575895e-32
1.640256442712675e-32
7.605990256546880e-33
2.885480297432731e-33
4.045023386859663e-33
2.356639774453903e-05
1.256270843006405e-32
3.590550643521255e-32
4.443126727129462e-32
1.080462183551746e-31
4.551961394331357e-32
3.819466623292974e-32
4.621603777682854e-32
1.780283780061264e-05
2.547135072757857e-32
3.628925343468681e-33
1.244073734292419e-32
1.778470793568713e-33
6.463684522623468e-33
2.724603897078454e-33
2.731381990427579e-34
1.373461276868651e-05
2.307669614876086e-34
1.785714115621613e-33
3.404136468809014e-33
2.689996155355478e-33
5.539817142639586e-34
4.358119848392722e-34
3.108556401690939e-33
1.079251975091440e-05
3.411625457125353e-33
7.783438858371545e-34
4.432343683073124e-33
4.491768971415690e-33
1.105089977848954e-33
2.954521600947652e-34
3.926996007764793e-33
8.619314461053763e-06
2.231584176629755e-33
6.624950178646363e-34
3.048305270296028e-34
1.327864240647951e-32
2.252199650066661e-33
4.405746806245718e-34
9.853610361628729e-34
6.983852390265030e-06
6.426480045200507e-33
1.720346496584727e-34
1.005676261463076e-33
7.641246696485866e-33
1.391012330488578e-33
1.882524159898960e-34
1.486323510349166e-33
5.732536964204570e-06
2.060551281596822e-33
1.660808861666445e-33
2.133560762583216e-33
3.546011742791811e-33
1.417698817844025e-32
1.013773380770894e-33
1.190498645071026e-32
4.760868928826505e-06
3.154396887032387e-32
4.647218271988062e-34
7.477915851837622e-32
8.274371624107323e-32
6.493534295514318e-32
1.913434478619563e-33
4.560298449312080e-32
3.996244462774151e-06
1.360664389140518e-32
5.438820960831000e-34
3.686238781974313e-33
4.313898906652951e-32
1.455538416097794e-33
9.280278038236264e-34
7.977225725201441e-33
3.387261671870134e-06
8.314723141493196e-33
9.506059998770863e-34
3.671495684445934e-33
2.625951324218730e-33
1.034034042000869e-33
2.674349671825126e-33
6.769775386574973e-34
2.896906020121269e-06
3.113081208022971e-33
2.165559372570323e-34
1.674083296002490e-33
2.179546871144931e-33
5.755920014528455e-33
1.741433784060192e-33
8.227127788075451e-33
2.498109688763672e-06
1.441797656134686e-32
1.608709465597208e-33
5.939606870566187e-32
6.691983653890099e-32
5.129871771567530e-32
2.641192019755247e-33
4.272515390199693e-32
2.170798896570410e-06
1.650433564484530e-32
2.966293449678119e-33
1.565460129814453e-33
4.796845690005656e-32
1.651305888668873e-33
5.302721039686498e-33
1.486234559272057e-32
1.899894248685201e-06
1.779390548669859e-32
2.483823853027175e-33
4.890402828461209e-33
1.434464172597792e-32
3.859856886893616e-33
9.837433051831066e-33
3.726307832237595e-33
1.673933625021570e-06
2.507534343105896e-33
5.215191907113793e-33
1.767070993717669e-34
2.324291823040750e-33
1.659160058958340e-33
4.812848834041826e-33
5.487149424732089e-33
1.484109108907069e-06
1.260080679763822e-32
7.461777162578179e-33
4.908397098952883e-33
1.093869270161145e-32
9.084594232996517e-34
2.872075412940664e-33
2.210352416826325e-32
1.323583873594799e-06
7.073369436331226e-33
1.677092971234130e-33
8.416267604142336e-34
2.881737141199889e-31
6.289694440744898e-34
3.289624835736147e-33
2.052260605791029e-32
1.187001269236491e-06
1.537616064596194e-32
1.611436264156048e-33
2.517154616689013e-34
2.559735789452909e-32
1.601375756358274e-32
4.918455657602032e-33
6.696525784735516e-32
1.070127732570559e-06
3.431222521519530e-32
2.276350028212229e-33
3.558803726254265e-32
6.350155894683872e-34
4.902763456752685e-33
7.014657131549273e-33
8.043183305499659e-32
9.695900975680518e-07
1.443428027025995e-31
2.071239872186798e-32
3.938012930811933e-31
8.018622673061861e-31
4.074342937496546e-31
2.301622286713355e-32
1.204736814196400e-31
8.826803121078888e-07
7.661205654151872e-32
9.382923207081887e-34
3.964915189122018e-32
8.220685451313958e-33
8.293452520342294e-33
5.784913541603924e-33
5.674160841713268e-33
8.072088337471121e-07
2.227055971869369e-33
5.532208340518801e-33
1.727898172860194e-33
1.348166263541521e-32
1.420691161529049e-32
2.650041984842153e-33
2.415736419870621e-32
7.413935548806980e-07
7.767790272923550e-33
5.347500962660586e-33
2.774073246654900e-32
3.965627434053455e-33
5.179060151220528e-33
1.151650204007151e-33
6.328200428569747e-32
6.837749186475059e-07
1.128823426406450e-31
1.724594082400210e-32
4.252722825102498e-31
8.564157226156866e-31
4.172048139660389e-31
1.413394724404290e-32
1.716831783896743e-31
6.331505224471162e-07
1.076743327658627e-31
3.351718020498466e-33
3.409610895997480e-32
3.789859494445299e-32
2.677728510089370e-33
8.819794544433144e-34
9.621492116679295e-33
5.885243494902788e-07
4.417305116799728e-33
3.229758222323412e-33
6.145932662584427e-34
1.528447503495757e-33
6.144292741315505e-33
9.528869718399661e-35
4.176044960170692e-33
5.490670719235713e-07
1.247897614231091e-32
1.886551375111476e-33
2.869968614946691e-33
5.821435142323990e-33
4.939917247674099e-34
7.749489070939606e-34
3.296796907411147e-33
5.140847996983591e-07
1.845199331831162e-33
9.146782376492436e-34
1.063959533796255e-33
3.234113556023643e-34
1.496188549390953e-33
9.311290291917882e-34
1.591551432205549e-33
4.829943200106090e-07
3.394361133718959e-33
1.417269232346162e-34
1.403989579066135e-33
2.028248789955878e-33
1.754770024976366e-33
1.716966732384131e-33
6.659771825690295e-34
4.553033600369049e-07
1.916942224443487e-33
6.274586647400177e-34
1.002698572660063e-34
9.048065621323130e-33
5.904619348060707e-33
4.279253433518888e-35
1.195840911434482e-32
4.305947634823335e-07
1.436206374014170e-32
4.575074562966672e-33
4.571968294514897e-32
3.084823306372591e-33
2.704106515304781e-32
5.797305944565364e-33
8.651053421529247e-33
4.085137360312810e-07
3.234004359417382e-34
3.845773725629345e-33
6.065268930223041e-33
3.589012580754251e-32
1.347909690329754e-32
1.159576115745257e-33
4.928710036198570e-33
3.887575119180755e-07
7.808746702769179e-33
1.334650224312370e-33
1.478021289751915e-33
2.659825024375768e-32
5.792888558467838e-34
2.201610427593274e-33
3.808638904566831e-35
3.710669417715081e-07
3.018583849701498e-33
5.042288080098963e-34
8.671568261556138e-34
7.099506941520719e-33
5.219485010233379e-33
2.580911174149548e-34
7.132009615043994e-33
3.552196136930042e-07
5.999182354072992e-33
2.597424634904096e-33
3.654821474012928e-32
4.560166860272218e-33
1.587778741573732e-32
3.194721412961715e-33
8.623742117253715e-33
3.410242045952654e-07
3.005696264594379e-34
4.322759441928117e-33
1.198434824330891e-32
3.687415836866366e-32
1.639182671285335e-32
2.138109075260166e-33
1.011634440147070e-32
3.283158239382528e-07
1.064964097587323e-32
5.725250601780914e-34
3.011911584189723e-33
1.206734860330606e-32
1.868408030426645e-34
8.294677964699007e-34
1.814262654570136e-33
3.169521621781472e-07
1.853860345506830e-33
1.028161603391185e-33
6.902320726481348e-34
1.320184783333332e-33
3.853815840428053e-33
2.139751802293290e-34
7.495556080819409e-34
3.068102951138338e-07
5.355185174570337e-33
3.164565207564974e-34
1.960542045922297e-33
1.453049772270114e-33
8.448595535956228e-34
1.959807356623893e-34
1.868386080537401e-33
2.977840256279887e-07
8.319938078452387e-34
1.399614584631241e-33
1.563005233387811e-33
2.940159934281045e-33
9.697428744113045e-34
1.725443323801931e-33
3.668475770388622e-33
2.897816680590638e-07
8.378229836859823e-34
5.513924350533968e-34
1.873276038154323e-33
2.379079944456890e-33
1.494818636802546e-33
3.390089909570686e-33
1.994020320567616e-33
2.827241991797210e-07
5.086085334033013e-33
9.330609332683229e-34
1.009775688803972e-34
2.084334413715928e-32
1.270133647270325e-32
2.055841528840246e-33
6.328841106072913e-32
2.765437145975184e-07
9.551572754024305e-32
3.475688187746646e-32
3.108055442650684e-31
2.448925541385188e-32
2.991027365135594e-31
4.133475375233489e-32
1.001090439343829e-31
2.711821412387767e-07
5.462305348945193e-32
1.437117024323976e-32
2.763276717402205e-33
4.655318735071242e-33
1.204954063323777e-32
3.963212351057515e-33
7.908495636062044e-33
2.665901660911950e-07
2.544324920342175e-32
3.616377380643930e-33
1.712039163292144e-32
4.767470285939145e-33
4.420853858005212e-33
2.938277190345091e-33
4.114532783346696e-33
2.627263490518187e-07
3.151669946824292e-33
5.300713251707324e-33
2.512283704544014e-33
2.171490664318366e-32
1.628875803575305e-32
6.214651270581003e-33
4.095272060024462e-32
2.595563940112432e-07
4.092006319215985e-32
4.156658681418245e-32
2.905086294743718e-31
2.802568451963258e-32
2.502172623725438e-31
2.496036949319252e-32
1.135126170283776e-31
2.570525574419101e-07
8.895700060943295e-32
1.549840161623245e-32
3.125838846157964e-34
8.265934326388535e-33
7.050509652985664e-33
2.967868200785864e-33
1.618483678565927e-32
2.551931780602259e-07
6.079074802290647e-32
6.829931526242940e-33
1.487571524298557e-32
4.825593728832118e-33
4.701353872415347e-33
3.979575056359921e-34
2.696821246384684e-32
2.539623147412319e-07
1.731331558503645e-32
7.157407107818735e-33
3.274632804624425e-33
5.855692310788854e-33
1.807763016589901e-33
2.139016414555177e-33
1.779390667502348e-32
2.533494829886688e-07
3.803617678960343e-32
5.902542095243860e-33
2.138374881576663e-33
