-3.057009974288132e-14
0.000000000000000e+00
2.272109361496616e-14
-1.288910035405155e-14
1.521016454797894e-14
3.415682336608682e-14
-4.992927880868256e-14
5.679857562213176e-15
1.964185734976240e-01
2.311985068868069e-14
-7.495878737776695e-14
2.230057196246804e-14
-1.649669061873921e-15
-3.248342091224108e-14
2.880596901027981e-14
2.673756281984034e-14
-5.878734455422138e-14
1.136868377216160e-13
-1.682744761949700e-14
-2.889978466239239e-14
2.199228402012470e-14
4.157313239891811e-14
-9.655538835301843e-14
1.723843756492076e-14
1.966555608080967e-01
-4.043932987283313e-14
-3.534803098352625e-14
-2.709644824751441e-15
-1.681335086581561e-14
-2.801019165671102e-14
1.616710175858521e-14
-1.663424902685981e-14
-2.647306619013687e-14
1.059313206014049e-14
1.965431049733918e-17
-2.739660523604771e-14
4.672401645635091e-14
2.336385499177545e-14
-6.845079280920371e-14
3.887582502252532e-14
1.971306808111315e-01
-1.083011248147722e-15
-6.630795271661206e-14
2.405165589647598e-14
-1.684939876566915e-14
1.796221792517247e-15
4.667445862369738e-14
-2.161692598969856e-14
-5.965731553646618e-14
6.876821045598333e-14
-7.494537505376462e-14
-4.006756371988800e-14
3.513522919077948e-14
2.389088550919154e-14
-1.031952971811955e-13
8.011736784561569e-14
1.978462360572166e-01
-6.763979397614947e-14
-1.850391823498359e-14
-4.827711997824008e-14
-4.356151391700933e-14
8.408190211754330e-15
-4.994274514144492e-14
-7.134665424802189e-14
1.206712410842547e-15
-2.568726448124049e-14
-1.859240846895237e-14
-1.991777140530754e-14
5.291368998918308e-14
-2.145922757189757e-14
-7.583119622815862e-14
1.074884649851719e-13
1.988057100470026e-01
-4.216126315927851e-14
-1.085438943966134e-13
-8.319904750832828e-14
5.853352238025196e-15
1.138102984691148e-13
-1.744268121948820e-13
-2.411105483082431e-13
-1.713220344533890e-14
6.876643424852621e-15
1.408286696679524e-13
-2.427149836635888e-13
-1.449048894233351e-15
1.088184192046298e-13
1.484000219673739e-14
-4.631104990257267e-14
2.000138034303482e-01
-6.664059325398683e-14
5.024260514394638e-14
4.203026730613447e-14
-3.869349024668406e-14
-6.432988356974543e-15
1.443023606051436e-14
-4.762204209306765e-14
2.214169811300311e-14
3.258070087115965e-14
-2.023596847993131e-14
-5.282312121661211e-15
4.722237477002072e-14
-2.343623886301374e-14
-2.718068003048280e-14
8.615819413980846e-14
2.014764832727156e-01
-5.329614317338946e-15
-6.935908785258941e-14
-7.984890316619490e-14
-1.090850045689176e-14
1.044429429500018e-13
-2.010983326887236e-13
-2.095698148517670e-13
4.845776482147913e-15
-1.079340805602382e-13
1.991248918405528e-13
-2.357446670514495e-13
-1.130346514522069e-14
1.030273498701586e-13
7.964085149092712e-14
-1.170172445130260e-13
2.032010462820839e-01
-6.518689498111826e-14
8.514939246977002e-14
9.900679912356134e-14
-9.463726143802636e-15
-1.908008931400336e-14
7.257173751502748e-14
2.313445995130377e-15
1.592009683602699e-14
6.532124226793749e-14
-1.014818086023707e-14
1.371184412989227e-14
2.006823108903594e-14
-5.421920854870155e-15
2.717715203748790e-14
8.445602454328730e-15
2.051961971539331e-01
7.888978569604324e-15
2.761007671055405e-15
2.003544742012062e-14
-2.386725462993647e-14
4.795686970124013e-15
3.984443956696056e-15
1.153585188544275e-14
-6.342387527518071e-15
-3.654726521638366e-14
-1.039082157944073e-14
-2.217140629906391e-14
1.604520090888591e-14
1.430995846640150e-14
3.958749179119001e-15
-1.121180329874260e-14
2.074721435037665e-01
-4.007850738982996e-14
3.145926391445959e-14
6.855452599420983e-15
-3.091793665424293e-15
1.115053908986990e-14
1.116095824606896e-14
-9.061552492066697e-15
1.971199021227788e-14
2.887085835872434e-14
-1.024723927873053e-15
1.381687893150450e-14
-1.207525520752402e-15
-8.356898382409595e-15
1.675734216474592e-14
1.133624637166798e-14
2.100407091861352e-01
2.417456256207459e-14
-1.969903644067985e-14
1.307337605273904e-15
-6.846863682458261e-15
7.089017282706113e-15
-4.295759963872428e-16
1.227559402663797e-14
-9.777333266589844e-15
5.135299980496485e-15
-7.192141329324763e-15
-1.723381896438274e-14
-5.323446188680752e-15
1.550163456901055e-14
-1.351196033864669e-14
-1.029702126602339e-14
2.129154682107455e-01
-1.704137962885796e-14
9.801128540828441e-15
-7.017040881838346e-15
-3.900717318838699e-15
-6.219727798550276e-15
5.337592373059950e-15
-7.104175390800123e-15
1.444510672814522e-14
5.639227858249813e-15
1.031867110959935e-14
2.717898324884294e-15
5.753199613109799e-15
4.058785059840185e-15
8.860407753800855e-15
1.367745725665594e-14
2.161119019192994e-01
2.359169547414638e-14
-2.598092777711530e-14
4.448859291040805e-15
-1.325847001317994e-14
-1.283381946987002e-14
6.395096685042673e-15
2.350804209436768e-14
-2.584000068184470e-14
3.191804774521638e-14
-1.158115005992327e-14
-1.187900131668126e-14
6.593821768269692e-15
1.047490605009011e-15
-4.372369334659566e-14
5.432889022339322e-15
2.196475826405411e-01
-2.421619592549803e-14
7.261470124478028e-15
-1.241259373787718e-14
-2.200810170143683e-15
-3.263315697071968e-15
-7.344713494285255e-15
-1.761610569373269e-14
1.184631199703980e-14
2.487030562676894e-15
1.312158924648768e-14
-6.064226477887383e-15
1.503319722368611e-14
1.096229537202819e-14
-1.729972161165493e-15
2.449588448674768e-14
2.235423876884526e-01
1.041820539757851e-14
-1.709998461375842e-14
3.209219870113376e-15
-2.252595606191378e-14
-1.478021344245519e-14
3.925354243480223e-15
-5.931891256115154e-16
-3.128040639990715e-14
2.217647681767056e-14
-3.208813894741916e-14
-9.231691642670233e-15
1.760157175128065e-14
-1.365712748069692e-14
-6.205340880499978e-14
3.493923814284598e-14
2.278187483469684e-01
-4.153068777965704e-14
-7.109228995205430e-15
-4.771086892060778e-14
-2.704858158912422e-14
1.569257365372086e-14
-7.684152678727475e-14
-5.415330555108384e-14
2.173025206017913e-14
-1.015960723520662e-13
5.931231851583865e-14
-2.735122602310869e-14
3.526302224011809e-14
-1.820612971810737e-15
6.938874292283004e-15
1.635410239941572e-14
2.325019394245940e-01
2.378706870562827e-14
-3.701276465588104e-14
-3.792457755472541e-15
4.671950771779733e-15
3.297329417081093e-14
-5.227876407838679e-14
-7.450155024895830e-14
-5.496331773672963e-14
6.915937836196513e-14
4.241448184583038e-14
-8.912675804685942e-14
4.691767711673492e-15
3.159882213342240e-14
-9.857787829347644e-15
-1.642661397416479e-14
2.376204160934065e-01
-5.095522358420454e-14
2.107444299273380e-14
-2.904709877608339e-15
-2.147209215706135e-14
1.247682472042459e-14
-3.470772780789908e-14
-3.369488902501526e-14
1.826764508634767e-14
-5.275567975166249e-14
4.034625198158129e-14
-1.681476340046294e-14
2.341758081024696e-14
2.336289302691065e-16
1.222551554289549e-14
9.208753091730395e-15
2.432062061172126e-01
1.392581626600361e-14
-2.271318797548907e-14
-3.035395122393115e-15
1.655952724803572e-16
3.694764447869346e-14
-6.133295470023771e-14
-5.828183995646163e-14
-1.287045015175427e-14
-5.795894658474777e-14
7.517390077324035e-14
-8.725442091378752e-14
-1.133177612528001e-14
3.856025661401670e-14
1.221331620021570e-14
-5.013355999633272e-14
2.492953672576477e-01
-1.854018071210192e-14
4.310254376057293e-14
4.566812677101750e-14
-6.047039503899156e-16
-6.192891105567388e-15
4.936115010871565e-14
-4.173521032329050e-16
1.589273353910657e-14
3.750063774249195e-14
-1.809100302859074e-14
7.317352172931837e-15
-1.647359236223840e-15
-2.622397955707181e-15
1.396566181734843e-14
2.076407232003019e-14
2.559285217399996e-01
2.361945104976201e-14
-5.546918531776133e-15
3.578433887475002e-15
-1.750368994222828e-14
-1.419022113911204e-14
-2.294679707078354e-14
8.977644402612066e-15
-2.148478869400223e-14
-1.054382658502794e-14
1.593178049457181e-14
-1.833850736702921e-14
6.108210738435820e-15
-5.707628674394479e-15
-1.969208563441409e-14
-1.727350395361729e-14
2.631514822304197e-01
-2.488232974027313e-14
2.475205806260962e-14
7.703587847796968e-15
8.941421336585464e-15
7.363548568924254e-16
1.723450154612067e-14
-9.073594723549005e-15
2.059677725725158e-14
9.877169672804247e-15
-3.548004530622278e-15
1.068081022857117e-14
1.550335550780772e-15
-1.048141060671532e-15
1.058327026264210e-14
1.405233460557962e-14
2.710159869807075e-01
2.857382129715177e-14
-2.080817988873068e-14
9.426837418532292e-15
-2.993686168753883e-15
-1.251415896277385e-14
-1.110691517744745e-14
1.248795045910812e-14
1.046171583004797e-15
-1.298505189033058e-14
-4.520765672225618e-16
-1.157088686606730e-14
1.173746120170699e-14
7.108526885735209e-15
-3.195014045101926e-14
-7.999641855834324e-15
2.795805657999899e-01
-5.921802147846625e-15
4.365278259363370e-15
-8.869489499548016e-15
1.360353297699547e-15
-4.087517752476890e-15
4.335744192501448e-15
-9.559696382323918e-15
8.628401924080441e-15
4.458873069876272e-15
9.068961966288190e-15
8.272944697924705e-16
8.940287535645907e-15
8.674592813615292e-15
-5.003671695011994e-15
7.915877366475870e-15
2.889115635361963e-01
2.925383289973468e-14
-3.425343969211546e-14
1.848816491494147e-14
-3.932068347514211e-15
-1.203802558236915e-14
1.788348554018623e-14
1.680305422205196e-14
-6.201705153233590e-14
4.248003326833418e-14
-3.157209390364972e-14
-1.152567511506986e-14
8.568198341841606e-15
1.925161333072431e-14
-5.451693880443288e-14
2.502755731949095e-14
2.990843541015307e-01
-4.069606894727770e-14
-4.102796184322959e-15
-2.095465283476756e-14
-2.050501984135516e-14
-1.055613715003990e-14
-1.043855770724397e-14
-2.983627148733076e-14
-1.031506433243162e-14
3.294035072434556e-15
-7.731307037494313e-16
-7.149367264935691e-15
3.077186429163876e-14
9.807870451532051e-15
-2.010519057603172e-14
4.084075476359598e-14
3.101847861404203e-01
-3.705913143824655e-15
-5.106351383143559e-14
6.052020774197233e-15
-1.856425447721567e-14
1.433451238422165e-14
2.686580181856898e-14
-2.008343638543724e-14
-1.808858655752483e-14
9.411648733428798e-14
-1.192520237336109e-13
-1.899499373127279e-14
3.488071670733088e-15
2.425545782540819e-14
-8.780671164158696e-14
1.452244682827830e-13
3.223109117477488e-01
-6.169316190050097e-14
-5.490059573561293e-14
-1.830941878207757e-13
-9.288075124852612e-14
4.535578794225559e-14
-3.431655977608498e-13
-1.759558175812843e-13
1.436612320461395e-14
-4.988208198343120e-13
3.251309992971956e-13
-1.526243986242559e-13
9.614934329891308e-14
4.034103742907154e-14
3.963064794271651e-14
-1.137778607748614e-13
3.355750629043328e-01
-2.648630183035209e-14
4.885845801411791e-15
9.609746271297398e-14
-2.156206320150157e-14
3.444221431660049e-14
3.906328037105040e-14
-5.803653738323064e-14
-7.871142222848706e-15
8.970250572530730e-14
-2.099762951469599e-14
-8.931320471822752e-14
1.248279743080582e-14
2.703208152324446e-14
-3.198292669679619e-14
6.278299410186547e-14
3.501063574523547e-01
-7.160190239528050e-14
2.773894651213541e-15
-8.545354415729598e-14
-7.669030537096151e-14
4.910204541392399e-14
-2.697586271986997e-13
-1.652121214629573e-13
3.031306987596676e-14
-4.277915744072352e-13
3.199998833666224e-13
-1.539132236081314e-13
9.097069489571630e-14
3.152918957742296e-14
7.724407749495743e-14
-1.394564987791199e-13
3.660537388285006e-01
-8.197979584866597e-15
6.185342162550073e-14
1.389836550375416e-13
-1.647936749587191e-14
1.040110785769855e-14
3.787339498978513e-14
-3.414028753189074e-14
3.664311839243438e-14
5.164393045684276e-13
5.536229211547218e-14
-9.019578846887841e-14
4.629655808748833e-14
1.998277647277063e-14
3.024783504909003e-14
-6.851855576815777e-14
3.835896831193229e-01
-2.536894678033893e-14
9.724142794255517e-14
9.394237333549911e-14
-1.709866205712413e-14
1.484091969489348e-14
7.498332139602968e-14
-2.244467809356290e-14
5.147538177691774e-14
6.317169010117139e-14
-9.883808886183994e-15
1.387315430833401e-15
4.132278551624351e-14
-2.471319951852094e-14
4.710820774235002e-14
5.104900445695140e-15
4.029147459315984e-01
3.969072720037295e-15
4.114749353252066e-14
5.235936716178523e-14
-1.953037476101184e-14
3.510142841794693e-14
2.334692154127449e-14
-1.101593872802207e-14
-2.392326616356337e-14
4.404426892463198e-14
-1.566670398065714e-14
-1.562950726858716e-14
1.888550617550476e-14
-1.638608570216568e-14
2.033158557470331e-14
-7.656169527420339e-15
4.242631733944247e-01
-4.382637745967785e-14
7.162389840112420e-14
2.130511791827234e-14
-5.589352920811726e-15
3.220911027316299e-14
1.184688991457814e-14
-2.926044067246285e-14
6.604065580659650e-14
1.823844468623624e-14
-2.762062764469402e-16
2.006984588795936e-14
1.764583552845656e-14
-4.142172653528467e-14
5.578387981081468e-14
-3.563359909060065e-16
4.479098714708452e-01
3.267470759436094e-14
2.397811166912256e-14
2.366573376552016e-14
8.156923669026683e-15
3.616576503912345e-14
3.016069100771061e-15
-7.716264569005511e-15
1.781122183982419e-14
1.539429656694918e-14
-8.919543184659876e-15
-7.215284366705384e-16
-1.682081099884100e-16
-1.708980728525272e-14
3.127165845973428e-14
-1.678049709773904e-14
4.741791225390388e-01
2.694259379145997e-16
4.573121617154526e-14
6.629038663994898e-15
1.761815881762261e-14
3.067467042401244e-14
-3.698720640233430e-15
-1.664181818962956e-14
4.165728730719677e-14
-4.974204931902166e-16
1.953901692013598e-14
2.127362228568834e-14
1.553057315504177e-15
-1.883753526575143e-14
6.115624761784773e-14
-1.557024873433215e-14
5.034555682725017e-01
3.576598482855161e-14
7.318977129084663e-15
2.114885715939162e-14
1.019027333335765e-14
2.082134805827233e-14
3.806570162111885e-15
2.317565293240835e-14
1.246764097489567e-14
6.204370945440673e-15
1.409086614449241e-15
1.025643242013415e-14
-9.128388411591855e-15
-2.173359198409428e-14
2.066960850613762e-14
-3.113695928581948e-14
5.361981580772072e-01
1.232401937247743e-14
3.147997670667844e-14
3.088814974786208e-16
2.201015199358576e-14
2.959156988042411e-14
-9.608209456914468e-16
-6.905390961433420e-15
5.191689507108588e-14
-6.089498192562874e-14
4.886277867563406e-14
3.809759298736175e-15
-1.425515902582532e-14
-1.587824288628483e-14
5.596994171881334e-14
-3.016492022241154e-14
5.729580149442337e-01
6.219970115548620e-14
1.449145190793563e-14
4.696305768917827e-14
3.915448522327419e-14
-3.675808765125817e-15
3.284975696016380e-14
3.031542409104349e-14
2.015996951090913e-14
6.478820756067850e-14
1.843695442367597e-14
-1.380932694532560e-14
-2.134685067563463e-14
-2.043795210883561e-14
-1.080162324818605e-14
-5.216310237478476e-14
6.144015288361223e-01
3.067392430136010e-14
4.866818161683910e-14
7.086802657448688e-14
5.935983356155419e-14
-2.150951401744605e-15
1.128297769871777e-13
3.003639674712355e-14
1.858937112611076e-14
1.241675251824351e-13
-8.578082043191896e-14
4.917322727259741e-14
-2.823335417235690e-14
-6.092348674698328e-15
1.028583376172646e-14
4.543213651608884e-14
6.613405024254220e-01
5.894535991455371e-14
-1.198007125940022e-14
3.464669389159908e-15
4.058308812991681e-14
6.270966058841047e-15
-1.440681172557394e-14
-3.411198623425499e-14
-2.121390081822727e-14
1.159194841743378e-13
1.680760871324557e-14
-4.373545919703703e-14
-2.544053857844958e-14
3.432853348194072e-14
9.983952252797628e-15
-5.038984424286328e-14
7.147719237351738e-01
-4.565248389632762e-15
4.637980557898844e-14
6.341639694473682e-14
2.487462307168520e-14
-2.306230932054897e-14
1.316169049549276e-13
4.092383827580226e-14
9.151438687622050e-15
1.805776696762652e-13
-1.195295265234521e-13
6.986294716440833e-14
-1.435343400808353e-14
-8.434211895078921e-15
3.842180276080738e-15
7.219540654195940e-14
7.759310487957083e-01
2.375822892784016e-14
-4.322283776637869e-14
-3.498339171426450e-14
-8.433825230255611e-15
9.069715484382530e-15
-5.006707905073481e-14
-1.391296778878263e-14
-2.612343217766998e-14
-4.448533835102076e-15
2.239231932127321e-14
-3.109459193368102e-14
3.336595397942216e-15
1.840352227680587e-14
9.135792557108140e-16
-1.612079975853717e-14
8.463631433376080e-01
-1.762424671678617e-14
2.739803734182465e-14
9.188943176722303e-15
-5.272987843907191e-16
5.184301160976928e-15
2.511894145277944e-14
-4.340711741209139e-15
3.056621650654848e-14
2.370916321013840e-14
-1.217032575842836e-14
2.290169798640651e-14
4.597021508624808e-15
-3.430704522407736e-15
2.110311972683677e-14
2.451365042363369e-14
9.280217805533892e-01
5.281831659740363e-14
-8.622239927003778e-15
1.190303182372157e-15
-1.183533549382720e-14
-1.974352749019869e-15
-2.078860985607756e-14
6.477947508887851e-15
-2.517601850825120e-15
-1.044413791815233e-14
1.349593981952880e-14
-8.826311820590166e-16
1.069304183180272e-14
-4.631816598668806e-15
-3.677400510807821e-15
-1.200984355506763e-14
1.023405565016347e+00
-1.180945362531191e-14
2.420476201771400e-14
9.209688667447194e-15
8.393814175002977e-15
9.258634812508976e-15
5.313105757571685e-15
-1.198509689340477e-14
8.060557551068119e-15
1.098530953769894e-14
5.029906682634565e-15
2.070967230947360e-14
1.078302856183441e-14
2.463552056628441e-15
3.376043982785078e-14
1.131005392180974e-14
1.135751480282378e+00
3.809745318026444e-14
-8.287464963805606e-15
1.577941174275079e-14
-6.245034111649983e-15
5.652686125965364e-15
-1.286287099022107e-14
6.776355415802364e-15
9.732883307813464e-14
-7.182021503755012e-14
9.856587679163325e-16
1.613049846076569e-15
6.000541909592800e-15
-4.569663206020437e-15
-1.281847541455067e-15
-1.715835669047956e-14
1.269313372440477e+00
4.069910810946456e-14
1.942884510522315e-14
5.547499501426972e-15
8.439982402313151e-15
1.277143497800017e-14
-3.973220713773996e-15
-1.075310122511401e-14
2.659753868209873e-14
-8.781427493403091e-15
1.898048383785476e-14
1.778255919056301e-14
8.607293578268017e-15
-5.952501140512487e-15
4.119268084873470e-14
-8.705275182349701e-15
1.429771336713087e+00
8.540227816797949e-14
-1.221869718401405e-14
2.926914425086781e-14
1.539890033099762e-14
4.301739184962915e-15
1.343683344746608e-14
2.102159179093396e-14
-1.535603769813119e-13
6.525055434962941e-14
-1.502379906127284e-14
2.344648365980007e-14
1.485408440745827e-14
-9.928185721246766e-16
-4.806220293416928e-15
-1.469049071203626e-14
1.624847482685103e+00
-2.087511851076670e-14
1.242558755110947e-14
-5.398050926060640e-15
9.257332735867691e-15
1.146475342028992e-14
-2.378883925963932e-14
-1.612415913677827e-14
1.928180532472616e-14
-3.818064823253106e-14
5.793839480448630e-14
1.525652843393662e-14
3.420902050263641e-14
-4.712106676951820e-15
4.890384174745413e-14
-5.447999442476903e-14
1.865256386644805e+00
2.920526064240733e-14
-5.189802883336581e-14
9.192659143097451e-14
7.276313908103672e-14
7.392457237749586e-14
1.378983698855111e-13
-1.773190816549924e-14
-4.711433362910855e-14
1.731729677049538e-13
-1.249752475062535e-13
-2.954287988202096e-14
-4.662453150123373e-14
7.940054275214233e-14
4.396942957269351e-14
3.407432411083522e-14
2.166216001469957e+00
-2.617296400639987e-14
1.062163718462947e-14
-1.861555049279387e-14
-1.089247634355640e-14
4.711520926135524e-15
1.149275313764095e-14
1.845548127585398e-14
1.547580838285871e-14
6.590645407099919e-14
4.266042185078162e-15
3.688991412585100e-14
1.995047896624113e-14
-1.167075897593428e-14
2.618538981072286e-14
-2.695176395923960e-15
2.549932264590077e+00
4.168833077553643e-14
-6.410331684607355e-14
4.251692499886909e-14
4.415646747904634e-14
8.271051748379111e-14
8.653134511201112e-14
-3.472933188203942e-14
3.805357735697230e-15
1.443193092042625e-13
-8.051623868601004e-14
-7.555945914419573e-14
-6.870571066072636e-14
9.314119833128914e-14
4.595183555620855e-14
2.639497401542686e-14
3.049849085879078e+00
-2.256473917636811e-14
1.803422854921620e-14
1.205341084418129e-14
-9.940313972567230e-15
-8.149316860424841e-15
5.198118614857839e-14
2.528204824342744e-14
2.765827947712050e-14
1.082077790774738e-13
-5.418450501812918e-14
4.065204456843656e-14
-1.218641159825725e-14
2.365845967979287e-16
1.226355984802423e-14
6.482080604415746e-14
3.718263711175906e+00
5.562162973458215e-14
-3.578660064303781e-14
-2.564936676223679e-14
-3.296334216367132e-14
1.557584120431722e-14
-3.936207439308428e-14
9.007694246474342e-15
7.099191143647636e-14
-3.726281112410728e-14
8.991825261866495e-15
-2.778153381199999e-14
-1.319543600247258e-14
3.028650717018357e-14
1.130779732620822e-14
8.178763628742877e-16
4.640753606003719e+00
7.939883729459666e-14
1.853601977230075e-14
7.148254372010654e-15
-7.990309016757708e-15
-3.084641490481993e-15
9.771351786597771e-15
-8.156562564991609e-16
1.443786113153176e-14
2.160506515567322e-14
-7.518072276579760e-15
2.524147002410648e-14
1.569456555021412e-15
7.060125229807915e-15
3.642819600128437e-14
3.610849207323228e-14
5.965433772826939e+00
6.777163296032370e-14
-3.390447998142514e-14
2.869604783628271e-15
-2.353975279725791e-14
1.240715250353949e-14
-1.066557620932829e-14
2.816626697748792e-14
-6.847814645228542e-14
2.135646785296398e-14
-1.519651487705564e-14
-2.672057469904352e-15
3.495228354240388e-15
2.015412752772499e-14
1.255199288328618e-14
1.141445311431532e-14
7.967588825282042e+00
3.114229963987384e-14
1.163705187836490e-14
-1.096229928037698e-15
-8.639259206213456e-15
1.274723455186130e-14
-1.061360837736594e-14
4.913249880530346e-15
2.697060343075272e-14
3.233757210625937e-14
7.706709945619096e-15
2.185451767398560e-14
4.299695443428689e-15
4.838614540389713e-15
4.250224241150999e-14
2.123673899322909e-14
1.120925835734278e+01
1.018346631346043e-13
-3.181354373515973e-14
1.572110715557003e-14
-9.489655165437490e-15
1.977583255625186e-14
1.986507380749879e-15
2.885417775323800e-14
-5.910225918819876e-14
4.206937002024185e-14
-1.546348780665927e-14
4.254365209638433e-15
2.582617734048051e-15
3.372938109584023e-14
2.233983767961398e-14
1.905752400127507e-14
1.699804488044400e+01
8.301747046548427e-14
-7.530664637908901e-16
2.053866820086683e-15
-1.653487347996626e-14
2.074620449219541e-14
-2.098753666965000e-14
1.111227773396044e-14
2.417403810179389e-14
6.682356427307980e-15
2.359839608352205e-14
2.577442099756795e-14
1.150595465489887e-14
1.818427007384580e-14
6.163972172977299e-14
2.523335554985659e-14
2.903882239804269e+01
1.735550705253894e-13
-3.639291426840325e-14
3.494560310939091e-14
-2.682641763987455e-14
2.146050729908760e-14
3.337612405856480e-15
5.976361891755412e-14
-1.504861231779581e-14
3.351798675841161e-14
-1.718055976237909e-14
3.923607938983319e-14
1.351585462922248e-14
2.398425666766751e-14
2.293582510295272e-14
3.948803551950026e-14
6.215108721705771e+01
1.662841973123710e-13
-3.456286983099321e-14
7.544491580280441e-15
-2.174121573442191e-14
5.384256574458772e-14
-4.765692549911861e-14
2.943665813877513e-14
2.039845499392189e-14
-4.066819160354927e-15
5.842537324630691e-14
4.750766183083816e-14
2.735118897889352e-14
7.718964160441465e-14
1.322199331497288e-13
6.371948203458276e-14
2.608249289864430e+02
6.288575329241661e-13
-1.498976968607129e-13
1.447181366245513e-13
-9.451729514498837e-14
1.639200542249255e-13
-5.442214289721056e-14
3.732139023316558e-13
-1.696782639510562e-12
1.024000000000000e+03
-7.191562025234789e-14
-2.887562858615164e-13
-6.760859549567274e-14
-1.451550183284000e-13
-1.251212091996723e-13
-8.993475650466609e-14
-4.345336434889833e+02
-5.409278693738537e-13
6.424004416550935e-14
-4.479412416050868e-14
6.278654792129380e-15
-2.134765020035221e-14
8.415155840776465e-15
-1.623880233376229e-14
3.138034503120241e-14
0.000000000000000e+00
8.415155840776451e-15
1.623880233376229e-14
6.278654792129323e-15
2.134765020035224e-14
6.424004416550921e-14
4.479412416050870e-14
-4.345336434889835e+02
3.162187291897220e-13
-1.251212091996725e-13
8.993475650466599e-14
-6.760859549567287e-14
1.451550183283999e-13
-7.191562025234811e-14
2.887562858615164e-13
-1.025125465187958e-12
-1.024000000000000e+03
-5.442214289721025e-14
-3.732139023316561e-13
-9.451729514498834e-14
-1.639200542249257e-13
-1.498976968607129e-13
-1.447181366245514e-13
2.608249289864431e+02
-4.383432618984892e-13
1.322199331497290e-13
-6.371948203458274e-14
2.735118897889356e-14
-7.718964160441470e-14
5.842537324630709e-14
-4.750766183083830e-14
2.039845499392211e-14
4.066819160354947e-15
-4.765692549911854e-14
-2.943665813877503e-14
-2.174121573442196e-14
-5.384256574458773e-14
-3.456286983099320e-14
-7.544491580280463e-15
6.215108721705776e+01
-1.751659815093723e-13
2.293582510295272e-14
-3.948803551950028e-14
1.351585462922249e-14
-2.398425666766756e-14
-1.718055976237900e-14
-3.923607938983325e-14
-9.011088844578565e-15
-4.542980190021942e-14
3.337612405856556e-15
-5.976361891755414e-14
-2.682641763987457e-14
-2.146050729908761e-14
-3.639291426840327e-14
-3.494560310939091e-14
2.903882239804271e+01
-1.404704243915597e-13
6.163972172977307e-14
-2.523335554985658e-14
1.150595465489886e-14
-1.818427007384586e-14
2.359839608352218e-14
-2.577442099756810e-14
2.417403810179416e-14
-6.682356427307943e-15
-2.098753666964991e-14
-1.111227773396026e-14
-1.653487347996629e-14
-2.074620449219539e-14
-7.530664637908333e-16
-2.053866820086619e-15
1.699804488044399e+01
-5.948074234343096e-14
2.233983767961391e-14
-1.905752400127503e-14
2.582617734048064e-15
-3.372938109584024e-14
-1.546348780665934e-14
-4.254365209638508e-15
-2.895315608004329e-14
-3.503452097041667e-14
1.986507380749892e-15
-2.885417775323811e-14
-9.489655165437478e-15
-1.977583255625184e-14
-3.181354373515974e-14
-1.572110715557001e-14
1.120925835734277e+01
-8.884505374648996e-14
4.250224241151001e-14
-2.123673899322907e-14
4.299695443428692e-15
-4.838614540389734e-15
7.706709945619126e-15
-2.185451767398560e-14
2.697060343075276e-14
-3.233757210625933e-14
-1.061360837736594e-14
-4.913249880530332e-15
-8.639259206213475e-15
-1.274723455186130e-14
1.163705187836492e-14
1.096229928037735e-15
7.967588825282050e+00
-1.154686325523982e-14
1.255199288328614e-14
-1.141445311431528e-14
3.495228354240402e-15
-2.015412752772501e-14
-1.519651487705573e-14
2.672057469904440e-15
-7.226693566951907e-14
-1.134242096980347e-14
-1.066557620932835e-14
-2.816626697748805e-14
-2.353975279725785e-14
-1.240715250353950e-14
-3.390447998142522e-14
-2.869604783628284e-15
5.965433772826925e+00
-1.366852577669783e-13
3.642819600128443e-14
-3.610849207323234e-14
1.569456555021387e-15
-7.060125229807924e-15
-7.518072276579766e-15
-2.524147002410654e-14
1.443786113153182e-14
-2.160506515567329e-14
9.771351786597842e-15
8.156562564991862e-16
-7.990309016757710e-15
3.084641490481992e-15
1.853601977230078e-14
-7.148254372010650e-15
4.640753606003701e+00
-2.897042584795087e-14
1.130779732620821e-14
-8.178763628742499e-16
-1.319543600247257e-14
-3.028650717018358e-14
8.991825261866462e-15
2.778153381200006e-14
2.403354755874997e-14
7.453178553324951e-15
-3.936207439308430e-14
-9.007694246474372e-15
-3.296334216367129e-14
-1.557584120431726e-14
-3.578660064303788e-14
2.564936676223678e-14
3.718263711175919e+00
-6.405932472173334e-14
1.226355984802429e-14
-6.482080604415754e-14
-1.218641159825726e-14
-2.365845967979358e-16
-5.418450501812921e-14
-4.065204456843668e-14
2.765827947712063e-14
-1.082077790774739e-13
5.198118614857852e-14
-2.528204824342739e-14
-9.940313972567255e-15
8.149316860424837e-15
1.803422854921623e-14
-1.205341084418131e-14
3.049849085879079e+00
2.106593809312415e-14
4.595183555620856e-14
-2.639497401542681e-14
-6.870571066072629e-14
-9.314119833128921e-14
-8.051623868601011e-14
7.555945914419567e-14
1.223091598574697e-14
-1.513582769695813e-13
8.653134511201107e-14
3.472933188203947e-14
4.415646747904641e-14
-8.271051748379109e-14
-6.410331684607354e-14
-4.251692499886919e-14
2.549932264590072e+00
-3.902379551643606e-14
2.618538981072287e-14
2.695176395924005e-15
1.995047896624112e-14
1.167075897593430e-14
4.266042185078212e-15
-3.688991412585100e-14
1.547580838285874e-14
-6.590645407099920e-14
1.149275313764099e-14
-1.845548127585398e-14
-1.089247634355641e-14
-4.711520926135546e-15
1.062163718462945e-14
1.861555049279383e-14
2.166216001469956e+00
2.203738323967116e-14
4.396942957269358e-14
-3.407432411083518e-14
-4.662453150123369e-14
-7.940054275214241e-14
-1.249752475062535e-13
2.954287988202083e-14
-3.869318516701142e-14
-1.633357513007994e-13
1.378983698855111e-13
1.773190816549938e-14
7.276313908103678e-14
-7.392457237749583e-14
-5.189802883336573e-14
-9.192659143097454e-14
1.865256386644801e+00
-2.066348224669753e-14
4.890384174745410e-14
5.447999442476906e-14
3.420902050263640e-14
4.712106676951829e-15
5.793839480448631e-14
-1.525652843393655e-14
1.928180532472615e-14
3.818064823253108e-14
-2.378883925963934e-14
1.612415913677826e-14
9.257332735867706e-15
-1.146475342028993e-14
1.242558755110946e-14
5.398050926060624e-15
1.624847482685121e+00
1.674647663794190e-14
-4.806220293416922e-15
1.469049071203626e-14
1.485408440745825e-14
9.928185721246845e-16
-1.502379906127273e-14
-2.344648365980006e-14
-1.606679371436832e-13
1.869085201803314e-14
1.343683344746615e-14
-2.102159179093392e-14
1.539890033099760e-14
-4.301739184962931e-15
-1.221869718401401e-14
-2.926914425086776e-14
1.429771336713065e+00
-1.198014110157306e-13
4.119268084873469e-14
8.705275182349749e-15
8.607293578268036e-15
5.952501140512484e-15
1.898048383785477e-14
-1.778255919056293e-14
2.659753868209870e-14
8.781427493403141e-15
-3.973220713774046e-15
1.075310122511403e-14
8.439982402313145e-15
-1.277143497800018e-14
1.942884510522317e-14
-5.547499501426934e-15
1.269313372440442e+00
-2.395252135325346e-14
-1.281847541455114e-15
1.715835669047956e-14
6.000541909592820e-15
4.569663206020451e-15
9.856587679162978e-16
-1.613049846076538e-15
1.200485087342004e-13
3.311048403436572e-14
-1.286287099022107e-14
-6.776355415802402e-15
-6.245034111649989e-15
-5.652686125965364e-15
-8.287464963805605e-15
-1.577941174275078e-14
1.135751480282384e+00
-2.231146954887550e-14
3.376043982785077e-14
-1.131005392180974e-14
1.078302856183442e-14
-2.463552056628436e-15
5.029906682634593e-15
-2.070967230947356e-14
8.060557551068088e-15
-1.098530953769896e-14
5.313105757571676e-15
1.198509689340475e-14
8.393814175002974e-15
-9.258634812508992e-15
2.420476201771398e-14
-9.209688667447178e-15
1.023405565016351e+00
-5.070830541234223e-16
-3.677400510807807e-15
1.200984355506765e-14
1.069304183180272e-14
4.631816598668768e-15
1.349593981952877e-14
8.826311820590166e-16
-8.531480484565524e-15
2.492535743760990e-14
-2.078860985607754e-14
-6.477947508887858e-15
-1.183533549382714e-14
1.974352749019853e-15
-8.622239927003791e-15
-1.190303182372160e-15
9.280217805533837e-01
-5.256851641686297e-14
2.110311972683677e-14
-2.451365042363371e-14
4.597021508624819e-15
3.430704522407751e-15
-1.217032575842834e-14
-2.290169798640652e-14
3.056621650654848e-14
-2.370916321013841e-14
2.511894145277945e-14
4.340711741209103e-15
-5.272987843907291e-16
-5.184301160976944e-15
2.739803734182464e-14
-9.188943176722284e-15
8.463631433376133e-01
8.797973671016171e-15
9.135792557108389e-16
1.612079975853717e-14
3.336595397942238e-15
-1.840352227680590e-14
2.239231932127316e-14
3.109459193368100e-14
-2.220092125355190e-14
7.614286306177360e-15
-5.006707905073485e-14
1.391296778878262e-14
-8.433825230255578e-15
-9.069715484382528e-15
-4.322283776637870e-14
3.498339171426443e-14
7.759310487957090e-01
-2.779666517991416e-14
3.842180276080823e-15
-7.219540654195942e-14
-1.435343400808353e-14
8.434211895078925e-15
-1.195295265234520e-13
-6.986294716440847e-14
9.151438687622252e-15
-1.805776696762652e-13
1.316169049549277e-13
-4.092383827580210e-14
2.487462307168517e-14
2.306230932054898e-14
4.637980557898850e-14
-6.341639694473678e-14
7.147719237351772e-01
8.950629336902130e-15
9.983952252797580e-15
5.038984424286333e-14
-2.544053857844953e-14
-3.432853348194073e-14
1.680760871324553e-14
4.373545919703705e-14
-4.348135030573975e-14
-1.179981324513238e-13
-1.440681172557398e-14
3.411198623425492e-14
4.058308812991680e-14
-6.270966058840998e-15
-1.198007125940020e-14
-3.464669389159950e-15
6.613405024254251e-01
-8.730114985287060e-14
1.028583376172651e-14
-4.543213651608884e-14
-2.823335417235689e-14
6.092348674698306e-15
-8.578082043191888e-14
-4.917322727259745e-14
1.858937112611085e-14
-1.241675251824352e-13
1.128297769871777e-13
-3.003639674712338e-14
5.935983356155418e-14
2.150951401744654e-15
4.866818161683918e-14
-7.086802657448686e-14
6.144015288361164e-01
-2.427279467500568e-14
-1.080162324818603e-14
5.216310237478484e-14
-2.134685067563467e-14
2.043795210883557e-14
1.843695442367611e-14
1.380932694532565e-14
8.014886613160809e-15
-7.112159658222674e-14
3.284975696016380e-14
-3.031542409104333e-14
3.915448522327418e-14
3.675808765125779e-15
1.449145190793565e-14
-4.696305768917819e-14
5.729580149442353e-01
-6.355278546674811e-14
5.596994171881327e-14
3.016492022241155e-14
-1.425515902582529e-14
1.587824288628484e-14
4.886277867563400e-14
-3.809759298736058e-15
5.191689507108581e-14
6.089498192562872e-14
-9.608209456914409e-16
6.905390961433431e-15
2.201015199358576e-14
-2.959156988042410e-14
3.147997670667845e-14
-3.088814974786524e-16
5.361981580772128e-01
-1.822207919079858e-14
2.066960850613765e-14
3.113695928581953e-14
-9.128388411591844e-15
2.173359198409421e-14
1.409086614449323e-15
-1.025643242013404e-14
1.840095686784213e-14
-1.086908109323820e-14
3.806570162111835e-15
-2.317565293240817e-14
1.019027333335769e-14
-2.082134805827239e-14
7.318977129084650e-15
-2.114885715939159e-14
5.034555682724932e-01
-5.515672384302036e-14
6.115624761784768e-14
1.557024873433219e-14
1.553057315504208e-15
1.883753526575146e-14
1.953901692013605e-14
-2.127362228568826e-14
4.165728730719679e-14
4.974204931903681e-16
-3.698720640233455e-15
1.664181818962966e-14
1.761815881762259e-14
-3.067467042401242e-14
4.573121617154528e-14
-6.629038663994847e-15
4.741791225390379e-01
-7.432099170222836e-15
3.127165845973419e-14
1.678049709773904e-14
-1.682081099883911e-16
1.708980728525271e-14
-8.919543184659920e-15
7.215284366705573e-16
1.130317837095199e-14
-1.862586009063707e-14
3.016069100771117e-15
7.716264569005530e-15
8.156923669026716e-15
-3.616576503912345e-14
2.397811166912256e-14
-2.366573376552015e-14
4.479098714708373e-01
-6.834062226044410e-14
5.578387981081464e-14
3.563359909060696e-16
1.764583552845657e-14
4.142172653528466e-14
-2.762062764468392e-16
-2.006984588795928e-14
6.604065580659647e-14
-1.823844468623619e-14
1.184688991457824e-14
2.926044067246284e-14
-5.589352920811663e-15
-3.220911027316297e-14
7.162389840112423e-14
-2.130511791827234e-14
4.242631733944479e-01
-1.054344345837946e-13
2.033158557470329e-14
7.656169527420478e-15
1.888550617550483e-14
1.638608570216571e-14
-1.566670398065692e-14
1.562950726858717e-14
5.772526322734073e-13
-6.169195368196355e-14
2.334692154127433e-14
1.101593872802212e-14
-1.953037476101191e-14
-3.510142841794686e-14
4.114749353252059e-14
-5.235936716178511e-14
4.029147459316273e-01
2.171610618826111e-13
4.710820774234993e-14
-5.104900445695121e-15
4.132278551624348e-14
2.471319951852094e-14
-9.883808886183994e-15
-1.387315430833360e-15
5.147538177691774e-14
-6.317169010117139e-14
7.498332139602971e-14
2.244467809356296e-14
-1.709866205712411e-14
-1.484091969489351e-14
9.724142794255524e-14
-9.394237333549903e-14
3.835896831195792e-01
6.891598124832784e-14
3.024783504909010e-14
6.851855576815785e-14
4.629655808748834e-14
-1.998277647277070e-14
5.536229211547219e-14
9.019578846887830e-14
3.424626949193864e-14
6.964256879698405e-14
3.787339498978515e-14
3.414028753189098e-14
-1.647936749587184e-14
-1.040110785769847e-14
6.185342162550094e-14
-1.389836550375415e-13
3.660537388283249e-01
1.268570921721860e-14
7.724407749495731e-14
1.394564987791201e-13
9.097069489571632e-14
-3.152918957742285e-14
3.199998833666223e-13
1.539132236081318e-13
3.031306987596657e-14
4.277915744072354e-13
-2.697586271987000e-13
1.652121214629572e-13
-7.669030537096149e-14
-4.910204541392406e-14
2.773894651213550e-15
8.545354415729609e-14
3.501063574523184e-01
6.285889607635739e-14
-3.198292669679621e-14
-6.278299410186543e-14
1.248279743080582e-14
-2.703208152324442e-14
-2.099762951469607e-14
8.931320471822752e-14
-5.670904835920077e-15
-8.189568896365628e-14
3.906328037105032e-14
5.803653738323073e-14
-2.156206320150152e-14
-3.444221431660053e-14
4.885845801411886e-15
-9.609746271297392e-14
3.355750629043053e-01
2.609945849520926e-14
3.963064794271641e-14
1.137778607748614e-13
9.614934329891310e-14
-4.034103742907145e-14
3.251309992971954e-13
1.526243986242561e-13
1.436612320461364e-14
4.988208198343120e-13
-3.431655977608501e-13
1.759558175812841e-13
-9.288075124852612e-14
-4.535578794225569e-14
-5.490059573561303e-14
1.830941878207757e-13
3.223109117477492e-01
6.420851094066734e-14
-8.780671164158696e-14
-1.452244682827830e-13
3.488071670733174e-15
-2.425545782540817e-14
-1.192520237336110e-13
1.899499373127277e-14
-2.788184208415396e-14
-8.644182956067439e-14
2.686580181856881e-14
2.008343638543720e-14
-1.856425447721562e-14
-1.433451238422162e-14
-5.106351383143558e-14
-6.052020774197261e-15
3.101847861404171e-01
2.720590209469828e-15
-2.010519057603165e-14
-4.084075476359607e-14
3.077186429163873e-14
-9.807870451532018e-15
-7.731307037494948e-16
7.149367264935672e-15
-1.031506433243165e-14
-3.294035072434550e-15
-1.043855770724400e-14
2.983627148733074e-14
-2.050501984135517e-14
1.055613715003986e-14
-4.102796184322978e-15
2.095465283476756e-14
2.990843541015206e-01
4.260426477085219e-14
-5.451693880443293e-14
-2.502755731949098e-14
8.568198341841660e-15
-1.925161333072427e-14
-3.157209390364985e-14
1.152567511506990e-14
-6.522022231153729e-14
-4.241255038906762e-14
1.788348554018622e-14
-1.680305422205209e-14
-3.932068347514184e-15
1.203802558236919e-14
-3.425343969211548e-14
-1.848816491494154e-14
2.889115635362157e-01
-4.203180602377984e-14
-5.003671695011915e-15
-7.915877366475920e-15
8.940287535645882e-15
-8.674592813615293e-15
9.068961966288216e-15
-8.272944697925494e-16
8.628401924080494e-15
-4.458873069876259e-15
4.335744192501467e-15
9.559696382323928e-15
1.360353297699564e-15
4.087517752476874e-15
4.365278259363335e-15
8.869489499547984e-15
2.795805657999739e-01
1.012330240666245e-14
-3.195014045101928e-14
7.999641855834293e-15
1.173746120170700e-14
-7.108526885735174e-15
-4.520765672225224e-16
1.157088686606722e-14
8.865662374211797e-15
-1.264987011011979e-14
-1.110691517744740e-14
-1.248795045910810e-14
-2.993686168753865e-15
1.251415896277388e-14
-2.080817988873068e-14
-9.426837418532329e-15
2.710159869807013e-01
-2.318923962771976e-14
1.058327026264214e-14
-1.405233460557960e-14
1.550335550780772e-15
1.048141060671503e-15
-3.548004530622265e-15
-1.068081022857121e-14
2.059677725725167e-14
-9.877169672804222e-15
1.723450154612068e-14
9.073594723549075e-15
8.941421336585470e-15
-7.363548568924151e-16
2.475205806260962e-14
-7.703587847796949e-15
2.631514822304211e-01
1.593115660423280e-14
-1.969208563441416e-14
1.727350395361727e-14
6.108210738435797e-15
5.707628674394553e-15
1.593178049457185e-14
1.833850736702918e-14
-1.576857989887595e-14
2.235712591982856e-14
-2.294679707078352e-14
-8.977644402612142e-15
-1.750368994222833e-14
1.419022113911206e-14
-5.546918531776133e-15
-3.578433887474975e-15
2.559285217399935e-01
-3.477719244724483e-14
1.396566181734842e-14
-2.076407232003014e-14
-1.647359236223841e-15
2.622397955707168e-15
-1.809100302859074e-14
-7.317352172931813e-15
1.589273353910656e-14
-3.750063774249189e-14
4.936115010871560e-14
4.173521032329618e-16
-6.047039503899101e-16
6.192891105567377e-15
4.310254376057299e-14
-4.566812677101746e-14
2.492953672576577e-01
2.556234134285603e-14
1.221331620021565e-14
5.013355999633278e-14
-1.133177612528001e-14
-3.856025661401668e-14
7.517390077324032e-14
8.725442091378766e-14
-5.677956452729835e-15
6.575841076688858e-14
-6.133295470023787e-14
5.828183995646151e-14
1.655952724803485e-16
-3.694764447869347e-14
-2.271318797548910e-14
3.035395122393142e-15
2.432062061172144e-01
-1.358581046471216e-14
1.222551554289551e-14
-9.208753091730414e-15
2.341758081024694e-14
-2.336289302690915e-16
4.034625198158123e-14
1.681476340046297e-14
1.826764508634766e-14
5.275567975166248e-14
-3.470772780789913e-14
3.369488902501524e-14
-2.147209215706134e-14
-1.247682472042462e-14
2.107444299273382e-14
2.904709877608351e-15
2.376204160934010e-01
6.274440432694292e-14
-9.857787829347655e-15
1.642661397416481e-14
4.691767711673492e-15
-3.159882213342240e-14
4.241448184583026e-14
8.912675804685950e-14
-9.867445972306143e-14
-8.273395151976961e-14
-5.227876407838693e-14
7.450155024895826e-14
4.671950771779768e-15
-3.297329417081096e-14
-3.701276465588104e-14
3.792457755472523e-15
2.325019394245988e-01
-3.579525828720872e-14
6.938874292283026e-15
-1.635410239941577e-14
3.526302224011809e-14
1.820612971810781e-15
5.931231851583854e-14
2.735122602310878e-14
2.173025206017900e-14
1.015960723520661e-13
-7.684152678727476e-14
5.415330555108371e-14
-2.704858158912419e-14
-1.569257365372090e-14
-7.109228995205456e-15
4.771086892060771e-14
2.278187483469580e-01
2.145343194957047e-14
-6.205340880499977e-14
-3.493923814284600e-14
1.760157175128065e-14
1.365712748069693e-14
-3.208813894741917e-14
9.231691642670208e-15
-1.877649979622639e-14
-5.383357902434424e-14
3.925354243480215e-15
5.931891256114964e-16
-2.252595606191378e-14
1.478021344245518e-14
-1.709998461375842e-14
-3.209219870113425e-15
2.235423876884590e-01
-3.666661629076776e-15
-1.729972161165455e-15
-2.449588448674769e-14
1.503319722368611e-14
-1.096229537202816e-14
1.312158924648764e-14
6.064226477887387e-15
1.184631199703975e-14
-2.487030562676888e-15
-7.344713494285296e-15
1.761610569373264e-14
-2.200810170143690e-15
3.263315697071948e-15
7.261470124477981e-15
1.241259373787715e-14
2.196475826405431e-01
2.587459156853186e-14
-4.372369334659563e-14
-5.432889022339360e-15
6.593821768269755e-15
-1.047490605009036e-15
-1.158115005992335e-14
1.187900131668124e-14
-2.206297983859457e-14
-2.916733185386886e-14
6.395096685042660e-15
-2.350804209436769e-14
-1.325847001317992e-14
1.283381946987004e-14
-2.598092777711531e-14
-4.448859291040891e-15
2.161119019192983e-01
-2.761625393841257e-14
8.860407753800884e-15
-1.367745725665593e-14
5.753199613109790e-15
-4.058785059840183e-15
1.031867110959935e-14
-2.717898324884341e-15
1.444510672814526e-14
-5.639227858249800e-15
5.337592373059925e-15
7.104175390800136e-15
-3.900717318838719e-15
6.219727798550283e-15
9.801128540828429e-15
7.017040881838342e-15
2.129154682107506e-01
2.636725303570927e-14
-1.351196033864670e-14
1.029702126602338e-14
-5.323446188680762e-15
-1.550163456901055e-14
-7.192141329324751e-15
1.723381896438267e-14
-1.154355444466019e-14
6.392920667985822e-15
-4.295759963872112e-16
-1.227559402663796e-14
-6.846863682458249e-15
-7.089017282706088e-15
-1.969903644067982e-14
-1.307337605273935e-15
2.100407091861385e-01
-1.723566865816736e-14
1.675734216474590e-14
-1.133624637166796e-14
-1.207525520752401e-15
8.356898382409593e-15
-1.024723927873005e-15
-1.381687893150445e-14
1.971199021227788e-14
-2.887085835872428e-14
1.116095824606891e-14
9.061552492066687e-15
-3.091793665424271e-15
-1.115053908986991e-14
3.145926391445958e-14
-6.855452599420938e-15
2.074721435037683e-01
3.230694621745386e-14
3.958749179118976e-15
1.121180329874263e-14
1.604520090888590e-14
-1.430995846640146e-14
-1.039082157944071e-14
2.217140629906386e-14
-1.844616679873626e-14
3.777316438096034e-14
3.984443956696071e-15
-1.153585188544272e-14
-2.386725462993644e-14
-4.795686970124049e-15
2.761007671055433e-15
-2.003544742012059e-14
2.051961971539509e-01
-1.474807519361662e-14
2.717715203748790e-14
-8.445602454328705e-15
2.006823108903593e-14
5.421920854870202e-15
-1.014818086023707e-14
-1.371184412989222e-14
1.592009683602699e-14
-6.532124226793741e-14
7.257173751502747e-14
-2.313445995130311e-15
-9.463726143802655e-15
1.908008931400333e-14
8.514939246977008e-14
-9.900679912356123e-14
2.032010462820657e-01
7.132434663912421e-14
7.964085149092694e-14
1.170172445130261e-13
-1.130346514522057e-14
-1.030273498701585e-13
1.991248918405525e-13
2.357446670514497e-13
1.632085594572515e-14
1.036398246421933e-13
-2.010983326887239e-13
2.095698148517666e-13
-1.090850045689166e-14
-1.044429429500018e-13
-6.935908785258951e-14
7.984890316619475e-14
2.014764832727112e-01
9.381928357220767e-15
-2.718068003048268e-14
-8.615819413980852e-14
4.722237477002067e-14
2.343623886301377e-14
-2.023596847993130e-14
5.282312121661151e-15
2.214169811300316e-14
-3.258070087115967e-14
1.443023606051434e-14
4.762204209306769e-14
-3.869349024668407e-14
6.432988356974511e-15
5.024260514394638e-14
-4.203026730613439e-14
2.000138034303438e-01
6.097845582839853e-14
1.484000219673730e-14
4.631104990257271e-14
-1.449048894233266e-15
-1.088184192046298e-13
1.408286696679521e-13
2.427149836635888e-13
-1.624946129036251e-14
-7.968035359129189e-15
-1.744268121948822e-13
2.411105483082429e-13
5.853352238025234e-15
-1.138102984691147e-13
-1.085438943966135e-13
8.319904750832812e-14
1.988057100470026e-01
3.638810343122770e-14
-7.583119622815853e-14
-1.074884649851721e-13
5.291368998918300e-14
2.145922757189762e-14
-1.859240846895256e-14
1.991777140530736e-14
1.206712410842501e-15
2.568726448124020e-14
-4.994274514144482e-14
7.134665424802173e-14
-4.356151391700927e-14
-8.408190211754382e-15
-1.850391823498362e-14
4.827711997823995e-14
1.978462360572273e-01
6.430912490227400e-14
-1.031952971811954e-13
-8.011736784561572e-14
3.513522919077949e-14
-2.389088550919146e-14
-7.494537505376460e-14
4.006756371988788e-14
-6.120769892458474e-14
-6.787855511883507e-14
4.667445862369730e-14
2.161692598969849e-14
-1.684939876566914e-14
-1.796221792517244e-15
-6.630795271661203e-14
-2.405165589647601e-14
1.971306808111422e-01
-6.933455912525282e-16
-6.845079280920362e-14
-3.887582502252544e-14
4.672401645635088e-14
-2.336385499177541e-14
1.965431049716563e-17
2.739660523604761e-14
-2.647306619013690e-14
-1.059313206014076e-14
1.616710175858540e-14
1.663424902685970e-14
-1.681335086581559e-14
2.801019165671101e-14
-3.534803098352618e-14
2.709644824751265e-15
1.966555608080967e-01
1.068535281287894e-14
-9.655538835301833e-14
-1.723843756492075e-14
2.199228402012475e-14
-4.157313239891806e-14
-1.682744761949693e-14
2.889978466239234e-14
3.694163574408274e-14
-1.136868377216160e-13
2.880596901027982e-14
-2.673756281984034e-14
-1.649669061873965e-15
3.248342091224109e-14
-7.495878737776691e-14
-2.230057196246815e-14
1.964185734976525e-01
2.217724871602570e-14
-4.992927880868247e-14
-5.679857562213188e-15
1.521016454797897e-14
-3.415682336608683e-14
2.272109361496621e-14
1.288910035405158e-14
