0.000000000000000e+00
7.401486830834377e-17
7.401486830834377e-17
7.401486830834377e-17
7.401486830834377e-17
7.401486830834377e-17
1.480297366166875e-16
-0.000000000000000e+00
-7.401486830834377e-17
3.700743415417188e-17
-3.700743415417188e-17
-3.700743415417188e-17
0.000000000000000e+00
-0.000000000000000e+00
0.000000000000000e+00
-1.850371707708594e-17
-1.850371707708594e-17
-1.850371707708594e-17
1.850371707708594e-17
-9.251858538542971e-18
-1.850371707708594e-17
-9.251858538542971e-18
-9.251858538542971e-18
-4.625929269271485e-18
0.000000000000000e+00
-1.387778780781446e-17
-2.775557561562891e-17
-1.156482317317871e-17
4.625929269271485e-18
-1.040834085586084e-17
-9.251858538542971e-18
-1.850371707708594e-17
-2.139492287038062e-17
-1.358866722848499e-17
-7.372574772901430e-18
8.962737959213502e-18
-8.095376221225099e-18
-5.782411586589357e-19
-1.427532860439247e-17
-1.716653439768715e-17
-1.230569465771048e-17
-9.459663954936026e-18
-1.117179988565272e-17
-4.436193889086522e-18
1.287490079826537e-18
1.286360702563531e-18
1.268064790902838e-17
-2.221485076332278e-18
-1.232150593939255e-18
3.161691647784552e-18
8.592019872631871e-18
-8.632465695863264e-18
-3.775931706701795e-18
-6.225286292365215e-18
1.469249233091522e-18
-5.026646439401707e-18
6.773921002539653e-18
-2.488674119772760e-17
-8.249747975862195e-18
1.353732798804001e-17
3.768014761059050e-18
-1.337536547264839e-17
3.206087947758062e-19
3.949205158721187e-18
-2.154614978772636e-17
1.255838814156767e-17
1.097616761673728e-17
7.313085164630490e-18
1.707880426815463e-18
1.314878279785644e-17
3.157366296935498e-18
-1.987140428925822e-17
-1.939658946468671e-17
-1.287045577567713e-17
-1.408440425985850e-17
-3.019427809906145e-18
-1.817224677956467e-17
-7.942328233826677e-18
-8.280379333088187e-18
3.797205655486509e-18
-8.746384875763467e-18
2.326531061400332e-18
-8.902887134357518e-18
-1.412604965457058e-17
-6.220984830879239e-18
-1.398413850425222e-17
-7.195029440094596e-18
-8.892376510259275e-18
-2.265505736623987e-17
-1.544213943522643e-17
-3.589902318100782e-18
2.993742564975353e-18
9.957767315347361e-18
-2.341543603608422e-17
3.055582750409888e-18
8.359826556048064e-18
-1.037848061516339e-17
-8.254655629025235e-18
5.683761087102365e-18
-9.699304609849677e-18
-5.260082671888555e-18
-1.384279107524729e-17
-1.079197094883118e-17
-3.056532032969945e-18
-1.899267112605618e-17
-6.404287682931534e-18
-4.252514466048367e-18
9.700337702797684e-19
-3.137765047817356e-18
-3.536899155359976e-18
-3.670642329505942e-19
1.112763494361145e-17
-7.953099183388042e-18
-3.608737336510234e-18
-1.731199907084213e-17
-4.961669364109209e-18
-3.016478764603281e-18
-5.977767631046633e-18
-1.278523051380967e-17
3.621405376139827e-18
-4.784714541694817e-18
-1.945358005406908e-17
-2.776674028737940e-17
-3.488181234003939e-17
-3.289745226015782e-17
-4.785354578047777e-17
-4.805300296790715e-17
-8.545991483032002e-18
0.000000000000000e+00
3.341819407175209e-19
-5.786522006866449e-18
-1.149302524413292e-17
-2.459448005716107e-17
3.958727597256033e-19
-1.058342877540982e-17
-3.854818987293971e-17
-5.867621305114334e-18
-1.480114806884044e-17
-1.545888445793272e-17
5.524921009679643e-19
-1.841954484199308e-17
-3.513944492622660e-17
-1.556196365529535e-17
-2.041776599069113e-17
-5.993852788971630e-18
-1.367566994676200e-17
-2.023888897997584e-17
-6.244574826763326e-18
-1.486453611036007e-17
-1.428783316670912e-17
-2.983960955237251e-19
-1.258156302185891e-17
-1.228660575426157e-17
-1.221844713803958e-17
-5.829119750052827e-18
-4.218116571833984e-18
-1.650717403056794e-17
5.422564776687587e-18
-3.127147844650342e-18
-1.467247193532779e-18
9.107864991409164e-18
-1.333038326481962e-17
1.671961126808320e-18
1.274044891219692e-18
2.568864809453117e-18
-1.133937346050996e-17
5.811141680085357e-18
3.107907807488399e-18
5.700224155132801e-18
8.310931974844406e-20
8.173555305575296e-18
1.354587445524759e-18
-4.600408492392032e-18
1.469096801550006e-17
7.002876009571825e-18
1.250323565940857e-17
1.435947979142763e-17
-6.034682867037060e-18
-3.407464666752623e-18
-5.606024976958040e-19
-4.939039308399426e-18
6.725116074823748e-18
1.704382675810145e-17
1.685139903574487e-17
9.793714832480815e-18
5.103239636480395e-18
-1.744608641342170e-18
6.493637915522015e-18
-3.214290075431777e-18
1.333431078118317e-17
3.320356108988696e-19
-2.941315535210275e-17
-8.877419270805290e-18
-1.922970529827999e-17
-1.167534143438562e-18
7.567884828232004e-18
-3.884504532605040e-18
2.518468441149720e-17
4.370537639707999e-18
-1.556404421433311e-17
-3.876883630977383e-18
6.589584887282020e-19
8.462230703172671e-18
-2.311030090567105e-18
3.543104551714989e-18
2.171186393897954e-17
-1.522899357079485e-19
9.836592163564738e-19
5.222008755002115e-18
-7.272518151285340e-19
-1.007567237055608e-17
2.979352916468142e-18
-8.322077614376925e-18
1.393422386074088e-17
-7.754216181678832e-18
-5.074113595023013e-18
2.155759137192039e-18
-6.384321800088659e-18
1.233350342428725e-17
7.451405084445461e-18
1.668638080293482e-18
1.719694727407099e-17
-2.347684102456975e-18
1.685785959709869e-18
-1.784379464409219e-17
-1.135857870131867e-17
-4.295489571762526e-18
-2.542901438958579e-18
1.085742891618799e-17
1.034170618127107e-17
5.112123980474270e-19
2.602828774524360e-18
9.592648028565555e-18
6.667437027037543e-18
1.801468805687096e-17
4.617469721223938e-17
2.585728557833590e-17
3.915075058273302e-17
4.759062645335187e-17
5.433828127580816e-17
3.427501989498110e-17
5.650346605262187e-17
7.115238158223455e-17
8.367744118935230e-17
1.081431778630712e-16
1.269683506715403e-16
1.314929722327172e-16
1.370690570770528e-16
1.171101354709936e-16
1.331493461135122e-16
1.550063961404896e-16
2.425547420162563e-16
1.874074702370870e-16
2.029044065934033e-16
2.151495466146709e-16
1.625716848229298e-16
0.000000000000000e+00
-4.351133091789325e-17
-6.451879703599675e-19
4.189205857391370e-17
-1.426945101047931e-17
3.058443518380908e-17
1.971002062759178e-18
3.834232364659202e-18
-3.826712507984250e-18
7.713520552820394e-18
5.009298558139017e-19
2.696923577063711e-18
-7.085528041692621e-18
1.520294277194811e-17
-9.148847883496843e-18
-1.214086694976246e-18
9.656714054511221e-20
-3.350801987300895e-18
-3.799099554499922e-18
-1.163312927843132e-18
5.303877697880052e-18
6.631780822465175e-18
-5.056715131765135e-18
-2.681323345940098e-18
4.931500835821539e-18
2.198291384297709e-18
2.223047115346245e-18
1.227625665793246e-17
6.565061197417966e-18
-5.662103523442035e-18
-4.648640642851256e-18
-3.342711038317357e-18
1.160832374771175e-18
-6.198733091589340e-18
7.975083484335276e-18
9.908714098291267e-18
3.492526607786855e-19
-8.024313851591973e-18
1.006479906989005e-17
-2.076165860437460e-18
2.108973521995570e-18
1.260401838387913e-17
2.665586700175894e-18
2.513986170301013e-17
1.021734835523557e-17
5.348873631510962e-18
1.599373027459928e-17
4.329551092581742e-18
6.130786085611586e-18
-4.506647733635185e-18
-2.380769941707371e-18
1.043464095434683e-17
-4.177245783240250e-18
-7.813704801306365e-18
-9.454524383197458e-18
-1.016786485700943e-17
-1.085430846874760e-17
-9.649314820472921e-18
-4.878146726300013e-17
-5.176898802693248e-17
-7.991755553244520e-17
-7.685319807937508e-17
-1.147981573727006e-16
-1.639558340347041e-16
-1.442069592438827e-16
-2.241273316442966e-16
-2.466988282490049e-16
-2.776219836030106e-16
-3.295695537288344e-16
-3.704153882187760e-16
-4.269923866930039e-16
-4.548067604511016e-16
-4.896318056187533e-16
-5.413872080384596e-16
-5.597734734612672e-16
-5.781488961691288e-16
-5.922418243587098e-16
-5.823200544953743e-16
-5.610108683197109e-16
-5.200732459032781e-16
-4.605016510961723e-16
-4.034611008802786e-16
-3.186795116704982e-16
-2.323270850021386e-16
-1.390586480206684e-16
-4.107199341823018e-17
5.611305335390392e-17
1.645305951168274e-16
2.404768490903067e-16
3.353964128275964e-16
4.087079303834018e-16
5.011109756835718e-16
5.278939842883194e-16
5.530248528153270e-16
5.776631078333517e-16
5.964266684771557e-16
5.895438704239919e-16
5.451703545016187e-16
5.403319655564872e-16
5.011600282592666e-16
4.838708463971769e-16
4.245870489304973e-16
3.737429343880363e-16
3.466682082083246e-16
2.741795278151001e-16
2.419230974221302e-16
2.100408376760497e-16
1.906663644499696e-16
1.318386455229814e-16
1.053139791714054e-16
8.481882078671085e-17
6.044401409792806e-17
4.937791322021697e-17
2.886597033151766e-17
2.424275654781265e-17
7.813534502260278e-18
-6.257443937065558e-18
-1.765424242406685e-17
-1.496467377451291e-17
-2.095202605786597e-17
-4.700802329297651e-17
-3.934510701265550e-17
-3.112402453924111e-18
-3.682466105988073e-17
-4.563705976574946e-17
-4.798691791864021e-17
-3.559711222320516e-17
-2.539205408956898e-17
0.000000000000000e+00
-1.310482980113149e-17
1.091396181503922e-17
-4.961163865634134e-18
2.741482875347081e-17
-1.580994408115463e-17
-1.471745080213778e-17
1.673532313960086e-17
-3.798764282928985e-17
-6.511015579031566e-18
-1.585352821461422e-17
-1.586921379572493e-17
-2.502980719462502e-18
-1.406533454572794e-17
-5.627508555953765e-18
-1.034914287592538e-17
-2.534253855621292e-17
-1.795666018237591e-18
-4.577216301225012e-18
-1.011331528321756e-17
-7.995731586176511e-18
-4.304926873312509e-18
-1.753560787848465e-18
-1.126491954809614e-17
-4.863287646718416e-18
-2.705242215858554e-18
-3.146111862661206e-19
-4.246086639781447e-18
2.562616684764331e-19
2.636640786975724e-17
-1.021187374218982e-17
2.745981578792090e-18
-1.586703228161805e-17
5.954570191067763e-18
1.248987181234651e-17
1.447483427317990e-17
-2.583804883238711e-18
4.847706120788650e-18
6.897469662771025e-18
4.494841854212911e-18
1.262073680915304e-17
9.381297227119129e-18
2.944247176291944e-18
3.550707454966543e-18
4.688795100628224e-18
1.635063496959250e-17
-6.064924721025828e-18
-2.413815760576751e-18
-3.059519467155520e-18
-6.456413395050095e-18
-3.951505983364981e-18
-8.131729559624260e-18
-6.191069041534417e-18
-1.991653681801623e-19
-7.477571955478431e-18
-6.269998663847541e-18
9.135072001789135e-18
-1.556073142609073e-17
-4.199074643385351e-18
-4.622841474106211e-18
2.644668450414087e-18
-4.824030863719784e-18
-2.559881361368242e-17
-2.833297026246762e-17
6.569804467540527e-18
6.690500799483288e-18
-1.114739521289677e-17
1.443182054739943e-17
3.985861681013965e-18
9.540865171098214e-18
7.370152372079558e-18
1.795093150161288e-17
2.749003851582834e-17
2.176400463462083e-17
6.287827172361495e-18
7.972291296276521e-18
1.923110620105866e-18
6.959192337254212e-18
1.486662934043280e-17
1.111554968996615e-17
1.284022378816557e-17
1.862936361363351e-17
1.625561289926572e-17
1.157255682966280e-17
1.764128988543308e-17
1.750011118189712e-17
1.422904909021973e-17
2.755059635053669e-17
2.603913246487974e-17
3.703085336040010e-17
2.093479406216757e-17
2.386824431636594e-17
1.762163424541130e-17
2.600425423867677e-17
1.026549551155208e-17
1.406540306730376e-17
-1.085557103129336e-17
2.386892631371904e-17
1.774383309742816e-17
1.551045618393942e-17
1.121706711024326e-17
2.344563521952047e-18
-1.695935904529667e-19
1.683844297404902e-17
2.307232732029535e-17
6.612744734246712e-18
1.353296687570820e-17
1.646516567969596e-17
1.818411306202779e-17
1.617111010994311e-17
1.444809562797318e-17
2.552831531898247e-17
2.844555344886186e-17
5.031353265583095e-17
1.502040443503672e-17
3.699271923263814e-17
3.930629308446039e-17
6.590302969303950e-17
4.798013855005170e-17
-1.163094692979106e-18
3.237175218104038e-17
-8.463558213937960e-18
3.652606387795859e-17
4.450882232727415e-17
4.047383327142115e-17
4.573061570822199e-17
7.915620232516200e-17
8.294636752173044e-17
0.000000000000000e+00
7.976623028035991e-17
1.445575683581343e-18
7.319904232342081e-17
4.047383327142115e-18
4.857089669646272e-17
4.150045009464231e-18
7.574919176636990e-17
9.082078986241565e-19
-9.255385138895629e-18
-1.156808849521164e-17
-1.214668605853507e-17
-7.627800846022485e-18
1.444453293402516e-17
2.565302092693961e-17
-1.003243904202674e-18
-8.427158976350023e-18
-4.042184137907793e-18
-1.033987680786997e-17
-7.512224479439392e-18
-1.125827737304555e-17
2.605995391837242e-18
-7.578931057332575e-18
4.043371175158141e-18
-2.025542765199358e-18
7.781265989246693e-18
1.272994297533829e-17
2.346916805995446e-18
-1.154617049383437e-17
-2.166783277743922e-18
9.898903573299983e-18
1.119982785953862e-17
3.721981403433841e-18
5.450154588371837e-19
-1.663869043791125e-17
-4.286372477911613e-18
-1.925764255098963e-17
1.920809441141475e-18
-2.654219790155390e-18
-9.433528546138073e-18
-1.115033765737192e-17
1.242831344634079e-17
-6.522785874225545e-18
3.625847926910020e-18
-1.200519347993528e-18
-1.018776724500135e-17
-3.286683366455143e-18
-4.664651229442789e-18
-3.954720334597054e-18
5.895016269103484e-18
-1.206850304521204e-17
-4.461421560024552e-18
-7.224494933985375e-18
-1.222079218106530e-17
1.003749810126669e-18
-5.849354725208369e-18
-1.153893859536614e-17
-6.782076188355250e-18
-4.277233842254194e-18
-7.376202288476903e-18
-1.413606784520481e-17
-2.056465376508244e-17
-2.896283588952436e-17
-1.920462999412236e-17
-7.401678270043415e-18
2.392956928283678e-18
-6.486987880509350e-18
-9.210085744552008e-18
3.400508865528477e-18
-1.875565861217981e-17
-1.188117319045510e-18
-1.556110465704641e-17
-1.781594977165853e-17
-3.903077780101415e-18
-3.512407366562713e-18
-7.712037706831246e-18
1.383307225946189e-17
-1.241464319239108e-17
6.679121257747754e-19
4.820405304493350e-18
-4.353228346323217e-18
-1.051593268644947e-18
-3.656770127293436e-18
-4.078961110448102e-18
8.312297921482951e-18
3.833651700064468e-18
7.074616972077765e-18
1.519363860374856e-17
1.427269119811742e-17
-1.180000454610305e-18
1.693033983262810e-17
1.378605279480877e-17
1.126838655971776e-17
7.892659387023098e-18
1.283278378859785e-17
5.807921517618781e-19
1.520156539997594e-17
2.130231247238649e-18
7.040183281010094e-18
4.602398271327165e-18
6.880322913968224e-18
4.655446943067346e-18
3.173639652176959e-18
1.619396086170843e-17
1.271943134084146e-17
1.046088038414729e-18
4.579586700535212e-18
5.425945656672728e-18
7.457474215890240e-18
8.270619959784100e-18
2.604049815511439e-18
5.846052277676461e-18
-5.405634882747484e-18
-4.491972357382575e-18
1.287524058984704e-18
-1.962857602467066e-17
-1.101013507251728e-17
-1.305110981068592e-17
-1.334444911535676e-17
-7.554392571644757e-18
1.005158850961493e-17
1.545070681324122e-18
-3.230369539355764e-17
-2.008192327675912e-17
-1.283580782895044e-17
-6.009370276537121e-17
-2.835723847368248e-17
-1.732274111597419e-17
0.000000000000000e+00
-2.006413624682218e-17
2.299248022423034e-17
-4.541930895689011e-17
-2.695903259665747e-17
-3.172294647831153e-17
-3.135701098473453e-17
-1.442236797713132e-17
-1.276857258056769e-17
-3.994457874764453e-19
-2.061695226464246e-17
-1.134994593245952e-17
-2.362117527819400e-17
-1.438618726227062e-17
-7.957524500644850e-18
1.042056112454381e-18
-1.140230720125817e-17
-3.049602157909989e-18
-5.289393175956792e-18
-8.613173369236835e-18
-9.070350458448984e-18
-2.556861945327369e-18
-4.344798472660347e-18
3.332934730946772e-18
7.200302105387166e-18
2.027205810667485e-18
-1.110698610176401e-17
-1.429217420845120e-17
-2.709431811234074e-19
1.020998370450273e-17
3.560627880304111e-18
1.651346256044023e-17
6.761696333755228e-18
-9.073980125561847e-19
9.770704553498117e-19
8.386421977956778e-18
-3.776726188809439e-18
-3.925379696516555e-18
-1.576241338229478e-17
1.736356867008566e-17
1.681024615585490e-17
-1.714938828929820e-18
-3.069407152094835e-18
-1.190008871964441e-17
-8.697090573413315e-19
1.145905755668417e-17
3.637469692756681e-18
3.494468205528500e-20
-1.758187732578747e-17
-1.785849967678176e-17
-4.354584389655384e-18
-8.123630147375677e-18
-1.528438925129302e-17
-9.758563912555912e-18
-1.717857857516276e-17
-1.012899143115482e-17
-9.246415753645323e-18
-1.152600928190561e-17
-2.148628096252642e-17
-2.861909543948988e-18
-2.170440261722272e-17
-4.282825580669823e-18
-2.703462542264990e-18
-2.247459565966491e-17
-9.881309342287436e-18
-2.353328385361788e-17
-1.153497348932236e-17
-1.626230751066997e-17
1.345412651625432e-17
1.074852879428619e-18
-3.160584522139394e-17
-6.063475725877788e-18
-8.763590582774285e-19
-5.139477766406479e-18
-1.699087000933314e-17
8.531151697862050e-18
-2.732393488910421e-18
1.764218739910788e-17
7.219490826382534e-18
1.275312156338405e-17
8.768261183467020e-18
-7.933013557367815e-18
7.043120621901153e-18
1.238081421150362e-17
-2.731251366611499e-19
8.456128327446296e-18
-6.452658390581564e-19
1.334288933518105e-17
1.802535754760101e-17
1.109169495878832e-17
-3.749550958445809e-18
1.992540596349700e-17
3.114038905495336e-19
9.949431257659175e-18
1.740177582123921e-17
1.740419307779663e-17
7.935909282821445e-18
4.456670867812002e-18
1.959273185725833e-18
2.662392217312249e-17
2.511452397726152e-18
1.115363173034472e-17
1.479799288398762e-17
2.648125762403464e-17
4.218943488228935e-17
4.103313544978340e-17
3.094479144617504e-17
6.746317454956778e-17
5.133940121279762e-17
8.037027495201940e-17
8.903102916173040e-17
1.151867025205941e-16
1.263678171055653e-16
1.593146364986750e-16
1.762157712698850e-16
2.122849560697817e-16
2.002299704451238e-16
2.441449069564202e-16
2.967022059175426e-16
3.447606294413358e-16
3.348912805515320e-16
4.255103300108201e-16
4.229665808455636e-16
4.418968150259832e-16
4.284392967779013e-16
5.192267094834492e-16
5.390966673324786e-16
4.595470169270313e-16
0.000000000000000e+00
4.506648701881139e-17
4.699909813181762e-19
6.371840896839860e-18
1.611142840735897e-17
-1.793363540140212e-17
-4.010614683745425e-18
1.394024217416353e-17
-4.199802356935486e-17
-6.098195167977821e-18
-7.378560795996218e-20
1.029174408518055e-17
-1.719387996933658e-17
4.661439631889061e-18
1.211438534649627e-17
3.810741239262230e-18
-3.355787046414352e-18
8.532349977334340e-18
-1.079014186126152e-20
1.302071077557849e-17
9.004255682813859e-18
7.787830458154931e-18
9.991856642681528e-18
1.850885804218280e-17
9.877359412316554e-18
2.164313449337151e-17
9.807140945178510e-18
9.322899734715618e-18
1.439750237187942e-17
1.144378224946851e-17
1.424828703388187e-17
3.243929932114326e-17
-1.788929013989642e-18
1.494952406326527e-17
-1.314468261832957e-18
3.335256261705235e-18
5.940267275093715e-18
-6.886571367484803e-18
4.546719074458990e-18
8.817487592219328e-18
3.140447691044351e-18
8.337253669971055e-18
8.413254132737028e-18
1.275171273392105e-17
6.311259881698019e-18
-3.679050363105921e-18
1.224003595128610e-17
2.455487336857309e-18
-1.295811745348841e-17
-1.325307561919871e-18
1.649137124471675e-17
-1.067998913736372e-17
6.128584225972234e-18
-7.202526886100513e-18
-1.527728925541912e-17
9.774486282634328e-18
-1.301117270218789e-17
1.297241023223018e-17
-1.283125519341825e-17
-1.325999321169402e-17
-5.380830259971887e-18
-1.809371627118683e-17
3.580055721592921e-18
-1.393452565118647e-17
-4.769865327251022e-18
2.041118334346635e-17
5.820267229852778e-18
8.272570382963615e-18
7.471670593358992e-18
9.489072967803085e-18
-2.171615565505509e-18
1.139786173631825e-17
-1.310244075570529e-17
7.341343661927203e-18
-1.046165079065806e-17
-1.200723098712342e-17
1.927129665598933e-19
-1.829647388531715e-18
7.938838530622524e-18
9.093907956504467e-18
-9.878558834542954e-18
8.153889535517575e-18
-5.777101230026867e-18
-1.929340694967849e-18
-1.433452027569950e-17
-1.367017217077236e-18
-1.569183179705298e-17
1.646320129128083e-17
-2.996031814868210e-18
1.525328050677784e-17
-8.512324076984125e-18
1.962465359676124e-17
1.215775464735353e-17
1.840176348788079e-17
9.226163285610989e-18
1.029247615689296e-17
1.188548597926013e-17
-1.510189031646158e-18
-9.563955735213827e-18
5.765474178933219e-18
-7.158652790993654e-18
1.387388963044480e-17
-1.042817678009739e-17
1.608605945288265e-17
7.365052585613435e-18
1.039099582284833e-17
3.426481257363492e-18
2.229232121640162e-17
-1.624279485914783e-19
9.537694424518753e-19
3.305329929339361e-18
2.236947851075464e-18
-9.250447620332271e-18
-1.813376765307318e-17
-2.742342224205524e-17
-2.452043705729667e-17
-3.924138798294259e-17
-2.398957363605008e-17
-6.007214802731071e-17
-4.107585255238878e-17
-3.588789581152777e-17
-4.594774195670783e-17
-6.133100987697042e-17
-4.307818231618650e-17
-1.010082127014749e-16
-8.069484854946597e-18
-7.938058944101586e-17
-6.218549905707885e-17
0.000000000000000e+00
7.695152878652704e-17
1.388650331983703e-17
-1.100118382724436e-17
-1.285460443819217e-17
2.193824180333776e-17
-2.253795254396726e-17
1.209989941219903e-17
8.668914947363041e-18
7.596422700639656e-18
7.374719883229167e-18
9.377139064468684e-18
-3.790092296058679e-18
1.715525214182774e-17
3.634310958750543e-18
1.838984160009238e-17
1.151774435654306e-17
1.925395746974413e-17
-1.356080606274005e-17
1.513436587154177e-17
-1.768429650120533e-17
1.856380730802901e-17
-1.977824064052676e-18
2.053885134741389e-17
2.335856201576956e-17
4.445876575890716e-17
2.811512184674682e-17
2.434007634930430e-17
1.245325744307304e-17
2.401921561541257e-17
8.608462604820736e-18
2.158878395597606e-17
1.630298074459305e-17
1.724799239205987e-17
-5.834253662352942e-18
1.063259053446107e-17
-1.313519370379152e-17
1.034426538724964e-17
-1.349268490702498e-17
1.417456188069554e-17
5.813194828596023e-18
3.687034247846386e-17
4.133074421394296e-18
4.504462528679040e-17
2.682844416005963e-17
7.721650675319678e-17
1.587682152417744e-16
3.692635171972462e-16
8.653449338157674e-16
2.028634861374146e-15
4.728663798787585e-15
1.097784693854931e-14
2.510499828352911e-14
5.697239264632223e-14
1.277740264754504e-13
2.835714358962583e-13
6.223600730307030e-13
1.351310038850085e-12
2.902253570309631e-12
6.166257827368929e-12
1.295960932029167e-11
2.694365345178549e-11
5.541283207445095e-11
1.127341940734503e-10
2.268777438945386e-10
4.516674980084415e-10
8.894810230729596e-10
1.732788222641159e-09
3.339221172199501e-09
6.365548134860728e-09
1.200376089886044e-08
2.239183997699482e-08
4.131931763713239e-08
7.542362722313709e-08
1.361923148879722e-07
2.432700829274904e-07
4.298487998378984e-07
7.513350475595691e-07
1.299099726104582e-06
2.221990759678700e-06
3.759524504512086e-06
6.292373671653533e-06
1.041806360424796e-05
1.706280462075648e-05
2.764424575706481e-05
4.430471900805038e-05
7.024026506483497e-05
1.101572818489032e-04
1.708957232293909e-04
2.622648520523158e-04
3.981437502676494e-04
5.979028563651817e-04
8.882030648805049e-04
1.305223308298156e-03
1.897353653645797e-03
2.728366253241502e-03
3.881038619955646e-03
5.461150858410241e-03
7.601709987491578e-03
1.046717135757639e-02
1.425733273616228e-02
1.921047708051121e-02
2.560524464321648e-02
3.376063625732455e-02
4.403350235956145e-02
5.681287290062870e-02
7.251054782761235e-02
9.154750979385742e-02
1.143359484178859e-01
1.412569990935638e-01
1.726346890469629e-01
2.087070271541950e-01
2.495956379246022e-01
2.952757791795545e-01
3.455489449629877e-01
4.000204853138312e-01
4.580847220271723e-01
5.189198651704563e-01
5.814946182144115e-01
6.445877039357801e-01
7.068206804300143e-01
7.667034064573743e-01
8.226904423065889e-01
8.732456379326790e-01
9.169112724331552e-01
9.523774700854079e-01
9.785473112891214e-01
9.945931343802454e-01
1.000000000000000e+00
9.945931343802432e-01
9.785473112891193e-01
9.523774700854057e-01
9.169112724331534e-01
8.732456379326772e-01
8.226904423065873e-01
7.667034064573728e-01
7.068206804300129e-01
6.445877039357788e-01
5.814946182144103e-01
5.189198651704552e-01
4.580847220271713e-01
4.000204853138303e-01
3.455489449629870e-01
2.952757791795537e-01
2.495956379246017e-01
2.087070271541945e-01
1.726346890469626e-01
1.412569990935634e-01
1.143359484178857e-01
9.154750979385717e-02
7.251054782761222e-02
5.681287290062849e-02
4.403350235956134e-02
3.376063625732437e-02
2.560524464321645e-02
1.921047708051110e-02
1.425733273616224e-02
1.046717135757628e-02
7.601709987491533e-03
5.461150858410141e-03
3.881038619955638e-03
2.728366253241411e-03
1.897353653645786e-03
1.305223308298087e-03
8.882030648805040e-04
5.979028563651444e-04
3.981437502676455e-04
2.622648520522589e-04
1.708957232293586e-04
1.101572818488357e-04
7.024026506484047e-05
4.430471900800147e-05
2.764424575707054e-05
1.706280462070629e-05
1.041806360422884e-05
6.292373671593786e-06
3.759524504503447e-06
2.221990759615008e-06
1.299099726084359e-06
7.513350475061179e-07
4.298487998468714e-07
2.432700828906134e-07
1.361923149003509e-07
7.542362719573756e-08
4.131931765169933e-08
2.239183994837631e-08
1.200376089592305e-08
6.365548109905524e-09
3.339221191892999e-09
1.732788209498806e-09
8.894810370282477e-10
4.516674488006132e-10
2.268777438945382e-10
1.127342122137669e-10
5.541285768867414e-11
2.694363003549753e-11
1.295966087470017e-11
6.166249003225886e-12
2.902291599654603e-12
1.351262229742312e-12
6.223640898950641e-13
2.835355649708499e-13
1.278062814347752e-13
5.693774820559192e-14
2.510275607777762e-14
1.093625066300936e-14
4.715264701906325e-15
1.974125377436891e-15
8.627486822432309e-16
3.281798703365721e-16
1.532508236715855e-16
2.762815172845137e-17
2.162712164039293e-17
-4.637221569602020e-18
3.146595806813906e-18
-1.970326026732512e-17
6.667523923265599e-18
-9.962230718392307e-18
-5.640133877796761e-18
-3.167343435102283e-17
-5.705600680165698e-18
-1.672036569834733e-17
1.511099375619181e-19
-2.093693041987588e-17
1.621978144330321e-17
-1.418847336426195e-17
4.830510597073243e-18
-1.775210052652548e-17
-8.076855961541397e-19
9.951101183546592e-18
1.748558835635513e-17
-1.599854856685718e-18
1.543645848707588e-17
-7.595054701608626e-18
7.364517234177446e-18
-1.273351549795905e-17
-6.164761797944576e-18
-1.002744959621360e-17
3.664886404004554e-18
-7.733430071671865e-18
1.857417030434135e-17
-3.778161181273684e-18
5.147239383915071e-18
5.915206482085818e-19
2.860155586141327e-17
2.577571937444654e-17
2.401048020390846e-17
8.924304699813692e-18
4.764553788813541e-17
1.543128483441385e-17
4.119052012411109e-17
2.306180530597426e-17
2.010237491568515e-17
9.450678917260168e-17
4.633745417851805e-17
3.730113733866395e-17
0.000000000000000e+00
5.928086892200754e-17
8.497371509871670e-18
-4.718480790234951e-17
-1.126241717069568e-17
-7.201687219753025e-18
-4.882291920446936e-17
-1.205570914064596e-17
-7.845743660681814e-18
-6.148385179897629e-18
8.087484680639311e-18
-1.585481900767781e-18
-1.158281298599150e-17
-1.255302287695293e-17
4.324119899444792e-18
-1.399959400504702e-17
9.550025406207780e-18
4.269214517352359e-18
1.887822963157258e-18
-1.654510130864186e-19
3.520753614433965e-18
2.110707364743969e-17
1.683522518851925e-17
1.108737865638002e-17
6.233615595610921e-18
9.504826976242792e-18
6.062610329954801e-18
3.855975028461203e-18
1.132220584511915e-18
-6.097484298928808e-18
5.632831340471900e-18
-6.332027232553472e-18
1.184189813871937e-17
-6.593011049352739e-18
1.366713740022261e-17
4.683847122806578e-18
-6.892744736025942e-18
9.206912506193978e-18
-4.588323807551074e-19
7.407883012031362e-19
-5.529553755520677e-18
-1.369220900859130e-18
-2.044278150827812e-18
-1.021027912315437e-17
-9.248027134005832e-18
-5.993630422926421e-18
3.701849358901612e-18
-6.878300570175110e-18
-1.311625977222830e-17
-5.955294892588299e-18
2.205831372287386e-18
-8.941635292616165e-18
6.451129896010918e-19
1.370259806728190e-17
-1.273408492395809e-17
-4.921213515229917e-18
-9.697295965705576e-18
9.573960781517360e-18
-1.577501028273541e-17
-1.896589672005213e-17
5.422399672597460e-18
-6.826033081266005e-18
1.256902034920932e-17
-1.340498900823016e-18
-4.769865406432711e-18
1.516486859340400e-17
4.548256891992242e-18
7.784241123392472e-18
3.439993188038366e-17
1.800272870350555e-17
3.831283387327080e-18
5.362200099126271e-19
-6.569515050821840e-18
9.271091850501710e-18
-2.095155792603546e-17
-7.999175208646192e-18
1.289550684870873e-17
-8.063001032528346e-19
6.818043178691162e-20
-9.794001129672857e-18
-1.460210188572891e-17
-7.591591319999931e-19
1.370945071454430e-19
-7.287407053747950e-18
1.695107305992947e-18
3.201544101893446e-18
1.997647516687196e-18
3.075066075264149e-19
4.405499675250052e-18
-1.562269367997344e-17
-3.431535254963380e-18
-1.408424605353236e-17
2.144069680613523e-17
4.607189215856933e-19
7.278039212326142e-18
1.143633033360668e-17
-2.693403661815949e-18
3.515772056837204e-18
-7.599978619301596e-18
7.823292606835749e-18
-7.140281639665641e-18
-5.988156293154567e-18
2.590298783477268e-18
-9.990520174820269e-19
2.866142083234161e-19
-1.409485046267812e-17
-1.294773289946850e-17
-2.096875346741483e-17
-2.742363401561469e-17
-4.891655460559200e-17
-5.427904212346098e-17
-6.334578487825429e-17
-7.325277965003294e-17
-8.048042246916533e-17
-7.828756792535610e-17
-9.702442418702627e-17
-1.227420264620077e-16
-1.490916113861375e-16
-1.255848448677202e-16
-1.229480433116361e-16
-1.944841798153545e-16
-1.589400619934736e-16
-1.815604922423315e-16
-2.044146607768010e-16
-2.378816316877678e-16
-2.009766637846410e-16
-1.824574217472275e-16
-2.758194391865069e-16
0.000000000000000e+00
3.345434292240897e-17
-5.112072659663478e-19
-2.165077704806921e-17
9.892841092457980e-18
-3.405224947474622e-17
3.807491272622599e-18
-1.394479615172099e-17
-2.096904936594890e-17
-3.789783332973287e-17
-5.402186411519898e-19
-3.625266113955619e-17
-1.467036627716086e-17
-1.750855287129559e-17
1.375771955753748e-17
-1.409696762158926e-17
3.356173476038532e-18
-9.114480034935373e-18
-1.373361706900268e-18
-5.552141293184093e-18
-2.307159522397843e-18
-7.743926979696204e-18
7.677211992938787e-18
1.390361326881972e-18
1.593589577464051e-17
-1.577555187638191e-17
1.359827595955492e-18
-1.961043004456164e-17
-7.482145881697341e-18
2.025131721944615e-18
5.446635789184021e-18
3.637321963410751e-18
6.020135088786448e-18
-6.850555264715847e-18
-3.319859830158409e-18
1.455337765906190e-17
6.250663404893580e-19
-8.166214113663409e-18
1.443020095279554e-17
8.509069204874958e-18
2.073559089107233e-17
-2.171290816214315e-18
-5.773549739938376e-19
-5.934840459477741e-18
-3.041424306774502e-18
7.559014637103490e-18
6.461342698354055e-18
-1.487840716300745e-17
2.764574955619862e-18
-8.273427050058942e-18
5.028051924131144e-18
-6.630753997419622e-18
-2.167909295602180e-19
3.189622710211848e-18
-1.224814624416045e-17
-1.839223884111469e-17
4.157567842246354e-18
-1.579434719644452e-17
-1.247295860876252e-17
-1.832859879461610e-18
-2.075418326891937e-17
-2.022288690695636e-18
-5.738292134896403e-19
-2.434449658645157e-17
-9.881309453768354e-18
-1.747482466902161e-17
-1.523683684001264e-17
-1.092471419616127e-17
2.473631031251749e-17
-9.468089501874060e-18
-1.969110744450879e-17
-1.056222368306293e-17
4.269120876581839e-19
-1.639824935006655e-17
-1.926048535644070e-17
-8.360972379647327e-18
1.245295946075982e-18
-6.079236367159450e-18
-2.631912885506289e-18
-5.319779013414162e-18
-1.361595278345943e-17
-1.613127406543631e-17
2.673488478507766e-18
-7.626709125882234e-18
-6.333230136718887e-18
-6.343314627892062e-18
7.413846763484094e-20
1.025815953920882e-18
1.634120342679851e-17
4.489022921056656e-18
-4.472069120365173e-18
-1.447202415968036e-18
-7.500006475475959e-18
-4.762116018747414e-18
-7.275860849564916e-18
5.999736390416925e-18
6.625521829453592e-18
1.260253032566405e-18
7.682178995081623e-18
7.514564133170052e-18
-3.365730163997812e-18
1.075034424083957e-17
-1.080187929753980e-17
6.122363631894628e-18
3.927407695598853e-18
6.767730978945115e-18
6.466844553863325e-19
-3.925026050269922e-18
-6.802855952177416e-18
-8.096480092189637e-19
-1.568123018459481e-18
1.765733797532713e-18
-7.276530818135164e-18
-2.303030795482068e-17
-7.403427716177033e-18
-9.960523118691984e-18
-1.821394429581026e-17
-7.739101521396411e-18
-1.445156078466123e-18
-4.662675970338135e-18
2.153847790489614e-17
1.429207515856737e-18
-4.154954599122483e-17
-2.222749377923487e-17
3.827420452151204e-18
-2.226711507237224e-17
-1.102865950182506e-19
1.575745716154146e-17
0.000000000000000e+00
-2.667438888965054e-17
1.587591428130603e-17
-5.117838320536889e-17
-1.656224449736942e-17
-2.917995189072219e-17
-3.085562905060156e-17
-1.711301282855158e-17
-1.504124760637914e-17
-6.313583095453312e-18
-6.733624973560367e-18
-1.053023924293944e-17
1.290681445095841e-17
-1.618113130722912e-17
-9.903704980999466e-19
-2.325127800525147e-18
-9.002362666844003e-19
5.025655968435598e-18
7.568028669193039e-18
2.315418338872286e-18
1.110914382920936e-17
1.485605735082798e-17
1.248996827886389e-17
-6.887159830889401e-19
7.694718090630832e-18
1.042621123559606e-17
8.674051523296650e-18
1.718619139344579e-17
1.212451721529060e-17
7.288081632938172e-18
8.295718374673864e-18
-5.112369239534677e-18
1.527786334184358e-17
-4.751488415171788e-18
1.027730099263002e-17
7.439064340087074e-18
9.454350087925762e-18
-6.136728162301692e-19
9.993698522968894e-18
-1.108986950886440e-17
7.584067237177821e-18
3.015686248316971e-18
2.477018977453208e-18
6.185447058179905e-18
6.230869169041604e-18
6.305046028922076e-18
3.193198175499843e-18
-1.397701418960557e-17
-8.664023659585798e-18
-1.340748778870115e-17
-1.058858623815278e-18
-6.881617256114120e-18
1.531161628495573e-18
1.456948612020069e-18
6.558252984059821e-18
-4.236806355837988e-18
-1.798999859196920e-17
-2.047576982797571e-17
-2.017237902902594e-17
-1.489065445790306e-17
-1.601794385952852e-17
-2.526264871420808e-17
-2.506168125934578e-17
-1.439635601508123e-17
-7.401678278861099e-18
-2.220073558224235e-18
-7.366524240932680e-18
-1.574034321079792e-17
1.028605149462928e-17
-1.148181028832191e-17
-6.159762142787864e-18
-1.547619680894137e-17
-1.836025860080839e-17
-7.202705354671493e-18
-8.568145745488479e-18
-1.920232469705297e-17
2.649173229172847e-18
-1.426216923632291e-17
-7.052044541222506e-18
-1.833189562285228e-19
-2.372025937365425e-18
-8.948341715148359e-18
-8.093603419523281e-18
-2.092492994461328e-17
-7.495593664190084e-20
-1.039858695211707e-17
-4.435089465434006e-18
-6.797159765543329e-18
-1.057118147075321e-17
-1.666592255388071e-17
-7.201566544017846e-18
-7.135390787672990e-18
-1.140554178982774e-17
-9.524381216897099e-18
1.474343460044689e-17
5.016555168441115e-18
3.916677127386135e-18
-8.256415029927776e-18
-3.866045289613703e-18
-5.102115328078573e-18
-2.046892564878623e-17
-8.126975108541404e-18
9.421452128995936e-18
1.091713264157989e-17
5.731902606208245e-20
7.265043073567743e-18
-4.281108337165231e-18
1.129040993593295e-17
-8.932254523484823e-18
-6.919251571400138e-18
4.055621449112759e-18
1.147911883518941e-17
8.561880705310022e-18
5.197618575426869e-18
-1.502040443503672e-17
1.471492153373833e-20
-2.298858930288510e-18
8.111838615304268e-18
-1.097270439587982e-17
-3.584433946119278e-17
-3.237175218104038e-17
-6.555131009440581e-17
-3.652606387795859e-17
-4.450882232727415e-17
-4.047383327142115e-17
-4.573061570822199e-17
-5.141334016818233e-18
-8.931499213386671e-18
0.000000000000000e+00
6.826350633632761e-17
-1.445575683581343e-18
7.483069429326672e-17
-4.047383327142115e-18
2.544397161188105e-17
-4.150045009464231e-18
7.228054485031764e-17
-9.082078986241565e-19
-2.775204901527626e-17
-2.543934565896024e-17
-2.486074809563682e-17
-2.937963330814939e-17
-1.444453293402516e-17
1.135441322723227e-17
1.003243904202674e-18
-1.007655810073592e-17
4.042184137907793e-18
-8.163840269215970e-18
-1.739634059103579e-18
2.006418834502576e-18
-2.605995391837242e-18
2.953001788061090e-18
5.825580941133447e-19
1.590333057301382e-17
2.460023889565370e-17
1.502563264029062e-17
9.217906367183267e-18
8.076723541880756e-18
2.992235889337283e-17
1.091777813842170e-17
9.616853852183063e-18
-1.094999588667054e-17
2.229551030819077e-17
2.213198144517114e-17
1.787503970639660e-17
1.752291907501283e-17
1.206539858392153e-17
9.231712969900782e-18
2.271500515908550e-17
1.875782290097855e-17
2.783172722528761e-17
2.240634770113818e-17
2.218268128729701e-17
2.168064663533950e-17
1.460702047514279e-17
2.161647634503820e-17
1.112694792836160e-17
1.039725293141326e-17
1.851887319744934e-17
-1.715122933299312e-18
-1.938194700797438e-18
1.180274330693434e-17
3.519734462994171e-18
4.477735675430863e-18
1.187163104291837e-17
2.408392888393582e-17
2.571065125970297e-18
9.414083900305116e-18
-2.595213496027303e-18
6.900705792313677e-18
1.124383359719560e-18
-1.269098081533529e-17
-1.652307796298655e-17
6.569804407024056e-18
4.425059849173187e-18
-1.627911100981798e-17
1.049969085842724e-17
-4.667715720640434e-18
-9.666126938094990e-19
4.937275564232050e-18
1.092222190659561e-17
1.002402255771883e-17
-9.449308247011991e-18
1.854119530150852e-18
5.790377249319200e-18
-1.141075970445200e-17
5.334640907633118e-18
-4.564906622972129e-18
-5.050217292410380e-18
-6.268512993038530e-18
-7.560144920054096e-18
-3.021067777857393e-18
4.618359368107480e-18
4.357639048458115e-18
5.693650174480242e-18
-1.888181684520338e-18
-2.347117980692872e-18
1.653021310767901e-17
1.157944367492851e-18
4.557829691990894e-18
1.306384780909603e-17
4.178405872176675e-18
1.130207192060874e-17
-9.686471930140302e-18
4.293263190071963e-20
-1.601605107163982e-17
-3.638780841674440e-18
5.425918318273872e-19
1.093786371557481e-17
4.410930768546733e-18
-1.855541435662372e-17
3.083736537443713e-18
-7.543147407203933e-18
-5.829237577221701e-18
-1.555571419187661e-17
-7.685571348944613e-18
-9.439252179886416e-19
2.514535904935359e-18
-1.745897099966352e-17
-2.594702812766422e-19
-4.459464658901306e-18
-3.512044516177361e-17
-1.244195836737166e-17
-1.878358531454184e-17
-3.739135876996843e-17
-7.105157182088636e-18
-2.601385587640492e-17
-2.828375269165251e-18
-2.550069139485440e-17
-5.113803018923176e-17
-4.014624460189966e-17
-1.899495760744506e-19
-3.286955665446709e-17
-3.077438071603010e-17
-2.284923734622461e-17
-2.173875476185058e-17
-1.048481529397255e-17
0.000000000000000e+00
-7.871318498283411e-18
1.361637243986777e-17
-9.442999905619706e-18
3.224472153198746e-17
-1.240892216447360e-17
-3.326765246497213e-17
4.411443729664459e-18
-2.433645907414261e-17
-7.387629257227076e-18
-2.023732918808066e-18
5.537153017870256e-18
8.091781510508904e-18
1.887631399521984e-17
2.780114143980799e-17
2.771449735819562e-17
5.019867092630062e-17
6.043091081544215e-17
8.433368963999944e-17
1.118032864069240e-16
1.408699234694202e-16
1.817441005873304e-16
2.104230183958658e-16
2.483728255264271e-16
2.765936313925271e-16
3.205588266747786e-16
3.706992682712357e-16
4.515843624819480e-16
4.752327295471569e-16
4.997269830768378e-16
5.396093545636820e-16
5.759275336458249e-16
5.896830118481520e-16
5.679127210107839e-16
5.859028251751460e-16
5.702733027033631e-16
5.372973932058767e-16
4.790606273924383e-16
4.155956732437189e-16
3.493549559124810e-16
2.341539138493208e-16
1.591903519840519e-16
6.559227155035505e-17
-2.563240544517833e-17
-1.386157695587969e-16
-2.373018886913920e-16
-3.160766078954067e-16
-3.925048317392227e-16
-4.613222858854308e-16
-5.257988037467646e-16
-5.585614146482411e-16
-5.746030219164998e-16
-5.919030597991926e-16
-5.707902870456776e-16
-5.684239728263223e-16
-5.293010711251077e-16
-5.044370143542151e-16
-4.560485386338885e-16
-4.333427572593562e-16
-3.776118282035620e-16
-3.526808792911037e-16
-2.839516851463820e-16
-2.398096147594304e-16
-2.248700035839205e-16
-1.442069592445894e-16
-1.471353916134969e-16
-1.087574160382465e-16
-7.881347884778011e-17
-6.018107791457184e-17
-3.886253187171994e-17
-4.259546508125356e-17
-1.033000487629071e-17
-8.349648634353478e-18
-1.920119086736485e-18
-4.040205213106948e-18
6.568989625034846e-18
-3.781426989416256e-18
5.014588553822579e-18
4.862699203237790e-18
2.076942333910771e-18
4.429691784850659e-18
6.807174895164081e-18
1.106763111661898e-17
1.201434392559617e-17
7.930087508906355e-18
9.400728826889028e-18
1.690072562789873e-18
-2.531855236077764e-18
7.614188162776373e-18
7.030262736534048e-18
1.194183704197673e-17
1.814929800766953e-17
1.271933363920524e-17
-4.911131975952638e-18
-1.206835036491227e-17
2.433436672446161e-18
1.325586429237444e-18
-8.756928555168187e-18
5.310265736066805e-18
1.551146166903307e-17
5.336223498930211e-18
1.840053141306839e-18
-1.708751623062110e-18
4.296470503823425e-18
3.442454112079503e-18
3.401712140029066e-18
1.024754608913736e-17
9.101325629580334e-18
5.738098455738991e-18
3.410397379183340e-18
1.017597189380841e-17
2.334682062145366e-17
5.128528034916249e-18
1.269205653455604e-17
1.595658584409593e-17
2.310663185292354e-17
3.641348307884391e-17
3.703039283738022e-17
3.045657410500729e-17
4.820013248913832e-17
3.854223702620405e-17
4.436959571920387e-17
4.767672510634096e-17
1.120820502013116e-16
6.612407452284213e-17
7.096449417453863e-17
9.434502257517192e-17
2.377507897826459e-17
0.000000000000000e+00
-3.500949902332711e-17
6.864042550081390e-19
4.740174588565940e-17
-1.173481848933764e-17
2.140144969233926e-17
-1.767878651636352e-18
-3.829678387101740e-18
-7.221082865055762e-18
-7.249262092815893e-19
1.130743932980503e-19
2.326399347731193e-17
1.942340134018174e-18
-2.355829532541578e-18
-1.672325702053691e-17
-7.003403999782666e-18
-9.695357016929223e-20
3.932932044901928e-18
5.183251403261450e-18
2.946601983991706e-18
1.575460175733285e-17
1.182803277616204e-17
-3.360494965312211e-18
-1.259196675385319e-17
-2.989180407149690e-18
-5.752909366651566e-18
-4.138157117937275e-18
1.767147304631738e-17
1.774460487998248e-17
-4.337363496017472e-18
-1.273331754557889e-17
-2.665369995972002e-18
-1.840246451939403e-17
-1.230857656282093e-17
-1.100245074457481e-17
-1.709988658386809e-17
8.916693655338731e-19
-7.280561496853937e-18
4.532408177489866e-18
-1.369636782276094e-17
3.107746190915445e-18
-1.147872162767085e-17
-7.501859848375857e-18
1.820681204522043e-18
-1.366707143581550e-18
4.755111365028464e-18
-1.077715724830400e-17
6.965123495123487e-19
5.102630527169489e-18
-1.358200711776094e-17
-6.340691254917425e-18
-1.745563845349255e-18
-1.457140241488962e-17
-3.695428599917633e-18
4.242948211306107e-18
-9.585565864335780e-18
-4.380424318542418e-18
-8.007045308634215e-19
-6.343300119946713e-18
9.315410890858304e-19
-6.248281934310894e-18
-2.914317828389785e-18
-1.017454337311532e-17
-3.438664332018066e-17
-8.877419308144465e-18
-2.329007884698541e-17
8.799454231229797e-18
2.370668197998602e-17
-5.808720936437816e-18
2.878636666715761e-17
1.252655611237557e-17
-1.428564363593147e-17
1.568421557951864e-17
-4.366502618542125e-18
1.604956030835636e-17
1.120675419744230e-17
-6.222868404168575e-18
1.516493754184683e-17
-8.431145198348347e-18
6.431151874283336e-18
1.267341704594160e-17
3.161708174036019e-18
-4.207244684476923e-18
7.291195685373834e-18
-1.101261120925228e-17
8.202441354593379e-19
7.033763338680554e-18
-4.453321964038852e-18
5.954878653102916e-18
2.487255634863830e-18
-9.934912922929045e-18
3.500508197062565e-18
-4.656314277261056e-18
-1.453939269937435e-18
-5.701412101585230e-18
-1.095952011218600e-17
9.105793327833177e-18
-1.558596724690622e-17
-1.473526994994536e-17
9.792743149920210e-18
-3.255716439012634e-18
-1.739895589672658e-17
-1.389324744291088e-17
-1.667450412404634e-17
-2.050207160320568e-17
-1.315418003016176e-17
-1.057913366057385e-17
-7.463169017703664e-18
-5.268683896217558e-18
-1.794239104338449e-17
-1.818356109453570e-17
-1.371633700599314e-17
-2.945925858181756e-18
-1.889221671234347e-17
-3.376995395543995e-17
-2.296479327824756e-17
-1.777187693472944e-17
-5.364936783139498e-18
-2.959274988780268e-17
-2.382237399137712e-17
-1.443180877555938e-17
-2.154262602295018e-17
-2.296691316166777e-17
-5.514278080443787e-17
-2.282148702050495e-17
-3.341652205125658e-17
-5.514507464086984e-17
-3.142361768922595e-18
0.000000000000000e+00
5.162962094979294e-18
-5.981213274941835e-18
-4.136373201779166e-17
-4.144163983372623e-17
-2.553103699214494e-20
-2.990256109873885e-17
-2.512225477053954e-17
2.116350380046863e-17
-3.042649886885069e-18
8.217084111517461e-18
-1.313933746558711e-17
1.910576006060559e-18
-1.772131352698414e-17
-5.622205088009410e-18
-5.476439855368656e-20
-9.123788798838409e-18
3.556067660279098e-18
-1.311580259828015e-17
-1.159797073960421e-17
-4.114462332899982e-18
-1.158052906033274e-17
-1.395495678740392e-17
-8.996611167463568e-18
-1.712332110411351e-17
-1.977805560575133e-18
1.078144076273965e-17
6.886416171141700e-18
1.055356256523131e-17
-2.685851018976132e-17
4.478262611442547e-18
7.915027785741418e-18
-1.034255524118060e-17
-1.157797285675081e-17
-7.229941144185795e-19
-2.200939329336466e-17
-7.068744922787023e-18
-1.429069707107513e-17
-2.051195483449109e-17
-2.529315788189484e-17
-2.236531874562120e-17
-1.236022060824300e-17
-8.112811676959295e-18
-2.245108212737986e-17
-6.669282907564067e-18
-1.345662991154283e-17
-3.931053463788235e-18
3.365863854017406e-19
-9.613615611838721e-18
3.711580381497795e-18
-1.726898055018318e-17
-1.720219121922236e-17
-1.106525107073504e-17
-1.851372176451668e-17
-1.662895202139936e-18
-1.027607284457828e-17
-1.457508245485431e-17
-1.796850183565755e-17
-1.615456022830559e-17
4.333620379355010e-18
1.121675164925520e-17
-2.080229638170984e-17
-2.766082085292297e-18
-9.227391233957294e-18
-2.154615028748132e-17
2.562408682489835e-17
1.054911396802272e-17
2.198624313315837e-17
4.751032065114005e-18
6.131153690110422e-18
4.857578442548252e-18
-8.367836280110265e-18
-6.882111815031654e-18
-3.585216944671569e-18
-4.548081647462895e-18
-1.136654687744227e-17
7.261084061219083e-18
4.896203365524545e-18
7.892088313884067e-18
7.730587365274247e-19
-3.881669652950707e-18
1.277890373090988e-18
2.509476278398740e-18
-6.929858885803182e-18
4.422641361930453e-18
-2.114194236346734e-18
-1.206626667795326e-17
-6.423897871976614e-18
-1.058904121794176e-17
-1.799775606325937e-17
-1.882897772883159e-17
-1.123956252143306e-17
4.336808689942018e-19
-6.649773324577760e-18
-1.113114230418451e-17
-2.312964634635743e-17
-2.977941967093518e-17
-2.949029909160572e-17
-1.966019939440381e-17
-1.850371707708594e-17
-5.204170427930421e-17
-4.510281037539698e-17
-6.707597440443654e-17
-9.251858538542970e-17
-9.251858538542970e-17
-1.387778780781446e-16
-1.757853122323164e-16
-2.312964634635742e-16
-2.775557561562891e-16
-3.330669073875470e-16
-3.700743415417188e-16
-5.181040781584063e-16
-5.551115123125783e-16
-7.031412489292658e-16
-7.771561172376096e-16
-9.621932880084689e-16
-1.110223024625157e-15
-1.184237892933500e-15
-1.369275063704360e-15
-1.554312234475219e-15
-1.776356839400250e-15
-1.776356839400250e-15
-1.998401444325282e-15
-2.072416312633625e-15
-2.146431180941969e-15
-2.220446049250313e-15
-2.294460917558657e-15
-2.220446049250313e-15
