-5.386542389014984e-14
0.000000000000000e+00
2.376396181129483e-14
-1.475342211041948e-14
1.379405243529441e-14
3.683408082318021e-14
-6.653977326142598e-14
9.675213256376071e-15
2.575538544988376e-01
2.264022965313694e-15
-8.484522853674976e-14
1.561356300523155e-14
6.097974285031543e-15
-4.623101323537964e-14
2.691386535547320e-14
2.901373096929727e-14
-8.423215095436767e-14
5.684341886080801e-14
-1.245933768160339e-14
-3.824944589420507e-14
3.673919957908134e-14
4.439416186715169e-14
-1.124623307520623e-13
1.929982396927771e-14
2.578646041096135e-01
-4.445249790106964e-14
-4.615389129802144e-14
-8.229205286813907e-15
-1.243170616465769e-14
-3.303727966245486e-14
2.519076794077279e-14
-2.094501602606392e-14
-2.753404107419465e-14
1.755290023795589e-14
2.519274565758498e-15
-2.267157228692041e-14
5.898079665202209e-14
2.642103539844477e-14
-8.500753118652976e-14
3.933582782993148e-14
2.584876052136167e-01
-2.238292818136478e-14
-7.514873116085328e-14
2.061165799444894e-14
-1.255802465405032e-14
1.163957192477245e-15
4.793886205998109e-14
-2.052916977096955e-14
-4.527632269314661e-14
6.390261999892078e-14
-7.196045340317360e-14
-4.212446381108051e-14
4.242857319375767e-14
2.303909240445520e-14
-1.193817964094347e-13
9.386931853161789e-14
2.594258770300364e-01
-6.432549004185994e-14
-4.250025694428340e-14
-6.523465038415707e-14
-2.990500093233747e-14
-1.966723873830013e-15
-3.380150910220681e-14
-7.447031285486443e-14
1.406661703475412e-14
-1.447574378686966e-14
-1.440547377805054e-14
-1.633363925873569e-14
7.662294325028641e-14
-1.845491338564709e-14
-1.059772522638504e-13
1.183429293171637e-13
2.606839872991440e-01
-2.074534922004266e-14
-1.403373555266870e-13
-1.042826819076872e-13
2.940071366679878e-14
1.048369754946979e-13
-1.642544825252123e-13
-2.174037215063290e-13
-2.337784661723249e-14
-2.644387261474151e-14
1.353838785591139e-13
-2.312659740382351e-13
-1.492236457368784e-14
9.249948358330560e-14
2.766046956405924e-14
-5.317475936523222e-14
2.622680997480149e-01
-6.532469076402260e-14
6.459855809516537e-14
4.475707297794661e-14
-4.095424226250715e-14
-5.543700234337284e-15
1.667487317485020e-14
-5.071264497192383e-14
1.563689419272811e-14
2.301838780242095e-14
-2.347295121771734e-14
-5.731184569866010e-15
4.277049439986504e-14
-1.683320039841528e-14
-3.940646132998311e-14
9.467552519935537e-14
2.641860386913839e-01
-1.229565376303799e-16
-7.933479372225376e-14
-9.441040633038739e-14
1.329997787733469e-14
8.114795326412642e-14
-1.954210585509629e-13
-1.909254576680437e-13
-4.077121079188787e-15
-1.090823947081266e-13
1.846332866489325e-13
-2.117590913550949e-13
-2.336655661019772e-14
9.118915184791972e-14
1.042577214739292e-13
-1.383264063538349e-13
2.664473719373568e-01
-5.486083875693050e-14
1.076377300429291e-13
1.089993793267675e-13
-3.418024025321518e-14
-1.437505154506341e-14
6.496043972199197e-14
3.666251775573109e-15
2.209356779111463e-14
6.271156061752299e-14
-1.615533644467844e-14
1.354055011410438e-14
1.251677701741278e-14
-1.503991096395509e-15
3.324858064855433e-14
1.183067924616557e-15
2.690635135180917e-01
1.644712210490008e-14
8.110949849348501e-15
1.934853573922855e-14
-2.398738809587861e-14
6.364021975252230e-15
4.485483280918971e-15
9.313662136997214e-15
-2.014847173478826e-14
-2.090931957239938e-14
-7.747180060570793e-15
-2.306948026716074e-14
2.867046776501829e-15
8.745404491798596e-15
6.288820584611358e-15
-1.212947145358465e-14
2.720478481693083e-01
-3.554295812845277e-14
3.187766347327337e-14
6.058871912649883e-15
-1.130270119208249e-14
-1.954711022354149e-15
1.507232863178625e-14
-8.609422599015912e-15
2.569877447519457e-14
2.910607881676164e-14
-4.185564694994544e-16
1.564566942533176e-14
6.135019144438365e-15
-6.369458989172053e-15
1.671323836177154e-14
1.431525859934451e-14
2.754158799203257e-01
1.847327912484099e-14
-2.123404625002600e-14
1.534170870038761e-15
-5.903271523911838e-15
4.256330436690625e-15
-6.488712793955411e-15
1.173930978459783e-14
-3.395615146496201e-15
6.277092971800822e-15
-4.307995395306938e-15
-2.232600312908390e-14
-1.599443375483935e-15
1.034376844753123e-14
-1.034926731368858e-14
-9.047639506752765e-15
2.791854076913318e-01
-2.971428724917070e-14
8.917121824256266e-15
-7.600892234050219e-15
-5.006895808211404e-15
-8.446778244921683e-15
6.767572895156833e-15
-5.315427287736810e-15
2.482630905667268e-14
3.115961215439559e-16
1.122208893271975e-14
4.263626536292725e-16
9.854575066781809e-15
6.460444023634994e-15
7.946468895782991e-15
9.277328188249215e-15
2.833767313916680e-01
2.557870648244199e-14
-1.976230612688381e-14
7.061732732558903e-15
-1.215464696002958e-14
-8.966278495249482e-15
9.263783497285694e-15
2.682146692556673e-14
-1.863144615009216e-14
2.255287732507965e-14
-1.277968999125868e-14
-1.360860679861608e-14
1.133950574740296e-14
3.184934003391856e-15
-4.451313184346048e-14
1.332008626666942e-14
2.880128927374139e-01
-2.729955217061099e-14
1.910529777138111e-15
-1.629455384061743e-14
-6.798232617231814e-15
-1.255630484024432e-15
-2.418551953068020e-15
-1.763918869973034e-14
9.239735689188886e-15
-1.043104281706463e-14
1.165227346649343e-14
-1.989950722551193e-15
1.094186125055300e-14
6.334559240130304e-15
-8.005585819179954e-15
2.604190325101443e-14
2.931199558564836e-01
2.696995471017539e-14
-2.190551078154880e-14
2.888533511680490e-15
-1.605585732577033e-14
-1.632629604588532e-14
1.546899316914271e-15
7.425359986340382e-15
-2.822816541093463e-14
2.507622591324794e-14
-3.255836635864255e-14
-9.752123392010073e-15
2.649425295995810e-14
-8.396003217027702e-15
-6.817228192408480e-14
4.476675381931885e-14
2.987273337699929e-01
-2.993329608801277e-14
-2.045372458358545e-14
-6.120803285253945e-14
-1.298823178371371e-14
1.040878400156979e-14
-6.611435835305953e-14
-5.880152956729286e-14
1.888997009376856e-14
-8.761571308689609e-14
5.872894529810274e-14
-2.171657140161567e-14
3.740984535048717e-14
2.585957270809673e-15
-4.317417082335003e-15
1.299663938434515e-14
3.048681680704701e-01
5.644999019992504e-15
-5.059757468124977e-14
-6.709592220837954e-15
1.780134089383917e-15
3.736503414339344e-14
-5.151822527704808e-14
-6.273847234447422e-14
-6.085411518496141e-14
1.028724880659177e-13
3.969498966970254e-14
-9.075872760332457e-14
-3.097454592694429e-15
2.437724525930511e-14
-4.122684383777605e-15
-1.634296704917394e-14
3.115797706024804e-01
-6.691716691496931e-14
2.464895283107347e-14
-5.223547391880357e-15
-2.221875313168708e-14
7.144837558427139e-15
-3.054229501382188e-14
-3.666578919450816e-14
2.297513259221944e-14
-5.055070106480301e-14
3.926071448808638e-14
-1.834127455676585e-14
1.735200618553478e-14
-5.339493780937290e-15
9.019877100274583e-15
3.732732742693277e-15
3.189041377711972e-01
9.758028381533513e-15
-2.335295877997692e-14
-5.847388357811642e-15
2.297978479986447e-15
2.690757390481764e-14
-5.968233936520813e-14
-5.040451727246562e-14
-2.540027861748597e-14
-4.531582800454293e-14
7.305945150221594e-14
-8.535099768102940e-14
-9.025242467136658e-15
2.550906128218803e-14
2.281659004200120e-14
-6.292381833862386e-14
3.268885503165933e-01
-3.124084390803029e-14
5.657905860961425e-14
5.563464289675268e-14
-8.537828224462659e-15
-3.740982990843432e-15
4.771057042179884e-14
-3.334251789780348e-15
1.725869288879374e-14
3.390977371927157e-14
-1.680146458445965e-14
1.323957896203664e-14
1.037056828104055e-15
-5.132704676481540e-15
1.743436029743557e-14
2.052982056571769e-14
3.355862741315708e-01
4.445249790106966e-14
-3.567201158626448e-15
4.866620440091170e-15
-9.360367206225906e-15
-6.178220442272996e-15
-2.053728482914579e-14
1.241182218564653e-14
-4.970985017818576e-15
-1.822154414254597e-14
1.146819682264549e-14
-1.358753284456418e-14
3.358507994123481e-15
-5.544182606032935e-15
-1.784404454482059e-14
-1.889038780382102e-14
3.450573810746457e-01
-2.005534693493184e-14
1.630068087728051e-14
1.022217978425249e-14
1.046836143601886e-14
-1.085423447458855e-15
1.776394501042174e-14
-1.129547413804020e-14
2.241502968556629e-14
1.722904189812756e-15
-3.825485297647172e-15
1.174842367847206e-14
9.426370597078158e-16
6.234929849496538e-15
8.631505374561455e-15
1.466635209160319e-14
3.553697129284598e-01
3.823524896316878e-14
-2.560668318131152e-14
3.701590007182759e-15
-5.365555303414981e-16
-1.150081659241204e-14
-1.028697920120602e-14
1.486815287003248e-14
-2.048811104419974e-14
6.457026348933617e-15
1.729990898562261e-15
-1.842730056761144e-14
9.041926606994047e-15
1.165136121730559e-14
-3.308334082301937e-14
-7.148303427378417e-15
3.666000169052556e-01
-3.078287691037242e-14
1.107231596002754e-15
-5.358598310101984e-15
-1.091405015007909e-15
-8.313325911138720e-15
1.021290312910173e-14
-1.500892922514778e-14
-1.586720733589255e-15
1.694062118382934e-14
8.614136150943650e-15
2.021467661451903e-16
7.508973101661997e-15
1.294592230315425e-14
-4.251071595402055e-15
1.359403049021560e-14
3.788352876868549e-01
3.391925695493848e-14
-3.083660113901724e-14
1.679057134682719e-14
-5.688782073342211e-15
-2.162008929062039e-14
1.421469784447002e-14
1.762394270567190e-14
-5.323120499131414e-14
2.124778235484304e-14
-3.234028243183649e-14
-1.427496012341138e-14
2.403547042946168e-14
1.890243363786893e-14
-5.562511383597159e-14
3.099815414326682e-14
3.921743593156268e-01
-3.012368198950123e-14
-1.276901868296153e-14
-2.966178701824641e-14
-1.617402803406471e-14
-9.181859182566870e-15
-6.003968543099957e-15
-2.728410030659731e-14
-1.435272072021338e-15
-9.334137286270122e-15
1.505388912921662e-15
-4.451444697215879e-15
3.725665091088907e-14
1.417071932359024e-14
-3.318145382561962e-14
4.239135501445655e-14
4.067298008266431e-01
4.533041271891370e-15
-5.477017805342794e-14
-6.897601765149265e-16
-1.447379897477113e-14
1.525399751442688e-14
2.854212754411529e-14
-1.945818376007941e-14
-5.424726749372840e-14
8.546281820170480e-14
-1.098124701569348e-13
-2.325887323754889e-14
9.925061886893919e-15
3.192087004051176e-14
-9.887336516297370e-14
1.776356780016186e-13
4.226301830292861e-01
-7.228440134964155e-14
-7.654226565396585e-14
-2.235733282484047e-13
-7.473810547702936e-14
1.615151647091982e-14
-3.179131431410524e-13
-1.676351105665588e-13
2.309064079220605e-14
-4.533642827033439e-13
3.049926278607314e-13
-1.434087394828894e-13
7.521106963742725e-14
1.356549830727137e-14
4.554143441072584e-14
-1.432088633235331e-13
4.400228012332633e-01
-2.534410115485718e-14
5.466110349811897e-15
1.119106034394495e-13
-1.942587210406895e-14
3.137922541330716e-14
3.563161317437785e-14
-4.824289633926766e-14
-1.178769510819729e-14
8.430648858999359e-14
-2.240179167630034e-14
-9.013735798391801e-14
1.778488178258605e-14
2.091004255420490e-14
-3.540201774563871e-14
7.274674357610235e-14
4.590769612094152e-01
-5.042428346711981e-14
-7.165850739066918e-16
-1.091197040900655e-13
-6.200336213619521e-14
2.835119527492794e-14
-2.511427273626633e-13
-1.589386870880173e-13
3.058967993666735e-14
-4.214059025193224e-13
2.962504065302519e-13
-1.460816836644170e-13
6.896455449205885e-14
7.753346320293972e-15
9.285457324415761e-14
-1.813998383112874e-13
4.799879650388532e-01
-1.240783451362915e-14
7.274326288797537e-14
1.638416047050721e-13
-2.266263273181323e-14
2.456535003860164e-14
3.432840488273119e-14
-3.131658334481097e-14
6.344030154348411e-14
5.352306683846072e-13
4.859616913804085e-14
-8.903113378130288e-14
3.385366150832248e-14
4.841085968042328e-15
4.208792827827178e-14
-8.873968997447378e-14
5.029819719901566e-01
-4.694719288985016e-14
1.118997603575234e-13
1.122705408591334e-13
-2.666788461511328e-14
2.093933333975289e-14
7.079950818671136e-14
-2.740052786012579e-14
5.815607929452846e-14
6.339373470609643e-14
-1.469281686738110e-14
4.645892444719416e-15
3.487203386224724e-14
-2.413384542959030e-14
5.129738902385779e-14
-8.811876507535448e-15
5.283219606027886e-01
2.317215713028453e-14
4.941096613635327e-14
6.243036053397584e-14
-2.524123652238441e-14
3.658585690947275e-14
2.093093915898560e-14
-1.313526704110973e-14
-5.245074255435246e-14
-2.533477055056714e-15
-2.071720959151402e-14
-1.456667055122044e-14
1.997108947153982e-14
-2.452865119883155e-14
2.726569571845533e-14
-1.676613291019106e-14
5.563150861134687e-01
-5.430312515940394e-14
7.277283878078562e-14
2.731915101451673e-14
-1.475582858046646e-14
3.737285613100823e-14
1.409424403627141e-14
-3.327571314740623e-14
7.339125229013165e-14
2.846779092971474e-14
-9.020703544143733e-16
2.391913271116553e-14
1.700796458627358e-14
-4.244645739969212e-14
6.003374786671455e-14
-5.855103178284487e-15
5.873218189661407e-01
3.910174333941919e-14
2.373572906867780e-14
3.162731794860130e-14
1.267141557401932e-15
4.578196576417173e-14
-1.131421369071790e-15
-6.569717921631255e-15
1.875787477856804e-14
-1.435365016627208e-14
-1.163045607197849e-14
-5.651294457538196e-15
-5.020448888776705e-15
-2.746937975621269e-14
3.870570183384707e-14
-2.010971156667950e-14
6.217673744293164e-01
-1.440188312672343e-14
5.140103850264134e-14
8.642015950069514e-15
8.280786975591893e-15
3.419218242744043e-14
-5.970049866820465e-15
-1.544675525867550e-14
4.525637054441844e-14
-1.912949708481986e-14
1.853480552890371e-14
2.651084502474468e-14
-3.724652046170587e-15
-3.120270095004016e-14
6.549510025317007e-14
-2.485721152196908e-14
6.601561138973167e-01
5.440634120622457e-14
1.136601224998467e-14
2.572528762169078e-14
1.461063189619724e-14
2.858061555534366e-14
2.431656203652193e-16
2.879691415881907e-14
2.132478074164349e-14
-5.071147419183727e-15
5.611051664345504e-15
1.001357966838713e-14
-1.312577041871462e-14
-2.537934848693332e-14
1.694979950957117e-14
-3.550698715872646e-14
7.030898347787493e-01
5.590804933909276e-15
2.435661465071157e-14
8.508310008069569e-15
2.250345921115697e-14
2.848487456638638e-14
-1.373056573262398e-15
-1.012341910632016e-14
5.217955227758791e-14
-5.582297778244904e-14
4.915296836460358e-14
5.877130355440720e-15
-1.694583617082086e-14
-1.727092752809538e-14
5.671722766395642e-14
-4.510195914022183e-14
7.512911970956103e-01
5.740047392576054e-14
1.187231974901870e-14
6.233059693644901e-14
2.977927637331711e-14
6.903122944477616e-15
2.951783003846480e-14
3.422752955940577e-14
4.406300532447891e-15
9.694547622758222e-14
1.271121503872018e-14
-1.451727519909166e-14
-1.750586849082311e-14
-2.072589843801165e-14
-1.845417473997404e-15
-6.114298978855946e-14
8.056340046863550e-01
5.160954930462201e-14
5.028303609466613e-14
8.374503938182576e-14
4.777390711248359e-14
9.362916528884847e-15
1.089987912362089e-13
2.021676779653164e-14
1.290446310752868e-14
1.126592121231608e-13
-7.959269990756217e-14
4.867476886345868e-14
-2.636625271291367e-14
-3.049747485569940e-15
5.972019866494355e-15
5.158950075163267e-14
8.671827338053600e-01
5.116934720005185e-14
-1.869480285284920e-14
-3.820560763111520e-16
3.661686814364047e-14
5.152739095467883e-15
-2.109973586924577e-14
-2.770236600426831e-14
-4.113727396019085e-14
9.283379877775466e-14
1.748959704290907e-14
-3.960116865677176e-14
-2.099417589054651e-14
2.637535337744187e-14
2.902017468114430e-14
-5.835350533446481e-14
9.372446849977498e-01
-7.097107308384875e-16
5.600332517322295e-14
7.798544209326457e-14
1.871383219166038e-14
-1.458899144662649e-14
1.202368351800942e-13
3.639155120252831e-14
2.016712843290847e-14
1.768757956599845e-13
-1.150368107407048e-13
6.768634700029616e-14
-4.407236811532077e-15
1.705455668304618e-15
4.320527388292143e-16
8.313628218157512e-14
1.017439587733371e+00
3.748584842154680e-14
-3.986154974784907e-14
-4.588696394665451e-14
4.109738445819392e-15
1.395373038779597e-14
-4.910535038172394e-14
-9.408720494449539e-15
-3.138878885913672e-14
-2.705167800335616e-14
1.752827359247627e-14
-2.650379814541280e-14
-9.107283841360436e-15
2.558011845602706e-14
6.128110269194774e-15
-1.922022107157706e-14
1.109793671701431e+00
-3.235468111860719e-15
2.824297704072520e-14
8.903297840044610e-15
-9.723138802078517e-15
-2.361233916653385e-15
2.355281410618235e-14
-7.710719219858691e-15
2.182146494178136e-14
2.758048168745979e-14
-1.065888329969092e-14
2.503045021390289e-14
1.176573861327420e-15
1.444288331284222e-15
2.569260123265782e-14
2.578051065990076e-14
1.216868559750612e+00
4.645089934539494e-14
-9.930860892645541e-15
-2.560972575529641e-15
-1.569984609300657e-14
-7.616706087483959e-15
-2.463840115957308e-14
1.103492193946571e-14
-4.379965181734029e-15
5.519848598946808e-15
1.550573199306134e-14
-4.868626283856009e-15
1.605453533979732e-14
-9.451190282152223e-15
-3.361146668326207e-15
-1.740255727647767e-14
1.341940547127683e+00
-1.237066667535437e-15
2.393729002164997e-14
1.625815609828536e-14
3.640881856234308e-15
1.123539901797869e-14
7.552801868360355e-15
-1.668370953260687e-14
1.833203606875680e-14
4.795621248834016e-15
2.075129326964520e-15
2.338908305540481e-14
7.862991705800632e-15
-3.809253547859847e-15
3.219210951328168e-14
7.877431587767491e-15
1.489254128520278e+00
2.402092480101482e-14
-8.024730476409549e-15
1.689101558277385e-14
-3.168295362719849e-15
4.580192425040660e-15
-1.437847879928867e-14
5.940919982718421e-15
4.649039048397074e-14
-8.599077053781853e-14
-1.529695621024253e-15
1.118087374191895e-15
1.068472079997608e-14
-1.253700577589821e-14
2.402414005116207e-15
-1.897408556128058e-14
1.664387159612615e+00
8.180457980834331e-14
1.807085812276956e-14
5.021296189881564e-15
1.644186138614936e-14
1.240715335021923e-14
-2.737057612651634e-15
-1.826956979072352e-14
2.281520124047790e-14
-2.350584795684097e-15
2.223695005095134e-14
2.352309641337699e-14
1.211813222815308e-14
-1.151375672158190e-15
4.248185506789302e-14
-1.532901514294912e-14
1.874787665265043e+00
1.071297918115877e-13
-1.106637023219246e-14
3.771510047914566e-14
1.455593076233839e-14
1.105501983703086e-14
9.057651245942077e-15
1.658229904494722e-14
-1.340033806324834e-13
3.613276742168236e-14
-1.569800830289265e-14
1.901759112122254e-14
1.439250047104638e-14
1.863951224801783e-15
1.577351823975097e-15
-1.601895855595761e-14
2.130581261670857e+00
-2.820507782507088e-14
5.463637635396981e-15
-1.577258933858787e-15
6.779635273707637e-15
1.412031795100712e-14
-2.168692392948489e-14
-2.054107517443849e-14
2.398540142239262e-14
-3.342785955863370e-14
5.686951415108066e-14
2.609178570500170e-14
3.396405201774098e-14
-1.530413004528853e-14
4.602058766628115e-14
-7.534436800560024e-14
2.445817436987998e+00
3.748584842154680e-14
-4.973944081419257e-14
1.094886623589956e-13
7.363565405604930e-14
7.097532046188719e-14
1.272112750217478e-13
-1.184087109776822e-14
-5.006011520766483e-14
1.431104161625386e-13
-1.164811347495342e-13
-2.513662365113891e-14
-4.251007235993234e-14
7.855925821363905e-14
4.711043669427581e-14
4.241474959671531e-14
2.840450731927472e+00
-8.703316508139615e-15
9.388550777143218e-15
-2.369677594654724e-14
-2.012407306450902e-14
-1.064824333624120e-15
1.036133587982409e-14
1.924176920104291e-14
2.522698737823050e-14
5.594825697474234e-14
5.129817770933318e-15
3.848458394254615e-14
2.976918358838348e-14
-7.168605001577557e-15
2.275785315383242e-14
-8.672534401164842e-15
3.343598681943723e+00
4.486883153530409e-14
-6.968806670418880e-14
4.693201729841302e-14
4.141950301142057e-14
8.619795658244773e-14
7.661309599126696e-14
-2.378151616259482e-14
3.227221778165954e-15
1.308286855870723e-13
-7.219383099438290e-14
-7.174440411011258e-14
-7.238204565408923e-14
8.432787823948163e-14
5.271590749104435e-14
3.571981176246116e-14
3.999114613858937e+00
9.726385700637984e-15
2.825814081695759e-14
3.365542248945468e-15
-2.769481136026485e-14
-1.262708361226940e-14
4.580492953546830e-14
2.897060982710017e-14
2.226456317160913e-14
9.452602060846007e-14
-5.108751323530517e-14
3.600920187954388e-14
-1.162458209029601e-14
6.821548654056635e-15
1.619066151390140e-14
7.381726691370434e-14
4.875573291279435e+00
6.715655875465411e-14
-3.850802069726023e-14
-3.368907569080898e-14
-2.690694009907498e-14
7.644487012299800e-15
-4.254113140608093e-14
8.973553425932188e-15
6.202164824315614e-14
-3.326716520393909e-14
1.202385238235284e-14
-3.198574362388480e-14
-7.470183670405073e-15
2.160552363224105e-14
1.835131742623359e-14
-4.558816006784885e-16
6.085188165872399e+00
8.608197421923313e-14
2.016213803530809e-14
8.508259471491276e-15
-1.136408825432236e-14
3.450381415971655e-15
9.788788633058862e-15
-2.272290889609312e-15
2.690639359123539e-14
3.230881595943655e-14
-7.704999364477591e-15
2.348280818857098e-14
-1.301667005090041e-15
1.216026973220940e-14
4.330458217693379e-14
3.344349560247260e-14
7.822175034619287e+00
9.366313346757972e-14
-2.907198595051173e-14
6.378725742658966e-15
-1.999138171378577e-14
1.251329023520476e-14
-1.170953441285661e-14
2.429697772578739e-14
-4.315241068842346e-14
8.624478247666624e-15
-1.860908512325684e-14
-6.531526041443674e-15
-4.511998443744796e-15
2.033632006399688e-14
2.309132019696167e-14
1.345090214561252e-14
1.044750084715108e+01
5.921457702330434e-14
7.794740292349427e-15
-7.915396631075353e-15
-1.574484801534293e-14
2.531892851737452e-15
-6.976500369336946e-15
3.351329953081399e-15
2.055215620981383e-14
3.043059110489500e-14
7.310390909804776e-15
2.361753822030834e-14
1.165129253390066e-14
1.155537262814825e-14
5.399376002573121e-14
2.279641994375379e-14
1.469814002106571e+01
1.219460650199056e-13
-3.365740592290847e-14
1.171311167552801e-14
-1.738477892482175e-14
2.002240025777229e-14
-4.469540016893980e-15
3.358951049898250e-14
-4.928385214935225e-14
4.902769243503352e-14
-1.040225648626035e-14
-5.786591785056963e-17
6.829889340911373e-15
2.700864044248226e-14
3.121019146175510e-14
2.227766666334145e-14
2.228868634948218e+01
9.043959959088686e-14
-7.203765623335125e-15
-1.240211373138159e-15
-2.543652271398795e-14
2.705013270570948e-14
-2.098919735051253e-14
1.483602675897655e-14
3.435345316693425e-14
-1.444065600203638e-15
2.094697533645728e-14
2.579143334637402e-14
-9.356346159387616e-17
1.594531425625095e-14
6.662914644514295e-14
1.957240403347240e-14
3.807715586943348e+01
1.915848042395185e-13
-4.217345189572455e-14
3.117415725897653e-14
-2.968113540809664e-14
1.359678994963296e-14
-1.017309018927793e-15
5.767030429526933e-14
-1.483625503729855e-14
3.426709499310285e-14
-1.451589858760319e-14
2.893594182498327e-14
1.854553191440677e-14
2.342110937444797e-14
3.487492161720692e-14
4.223701977867694e-14
8.149561311336691e+01
2.239994294532932e-13
-5.136068911280151e-14
-1.002234326166955e-15
-3.355717448983618e-14
4.411867341894885e-14
-4.512765339134811e-14
2.009161059215335e-14
2.649962944822505e-14
-1.571674049916687e-14
6.156438443805298e-14
4.693749496552018e-14
3.468352391223926e-14
6.267888963743206e-14
1.653067641984775e-13
5.293301686856029e-14
3.420066881334734e+02
7.994041546461761e-13
-1.913981568363934e-13
1.371825078017926e-13
-1.234497852997490e-13
1.471099765623511e-13
-8.045666631261837e-14
3.431905628516496e-13
-1.563945707500226e-12
9.273599999999997e+02
-9.336388105801866e-14
-2.684727429467760e-13
-8.955979997533461e-14
-1.371087275503410e-13
-1.532240785713657e-13
-8.096380672084017e-14
-5.697822400249293e+02
-6.950431903314114e-13
7.572249589606286e-14
-4.127360825917632e-14
2.086845023078177e-14
-2.576715542616600e-14
1.075006280220058e-14
-2.051908145035575e-14
3.162174900598722e-14
0.000000000000000e+00
1.075006280220059e-14
2.051908145035575e-14
2.086845023078172e-14
2.576715542616605e-14
7.572249589606275e-14
4.127360825917632e-14
-5.697822400249297e+02
3.859571002757678e-13
-1.532240785713658e-13
8.096380672084000e-14
-8.955979997533475e-14
1.371087275503409e-13
-9.336388105801886e-14
2.684727429467760e-13
-9.581997159392909e-13
-9.273600000000001e+02
-8.045666631261812e-14
-3.431905628516500e-13
-1.234497852997490e-13
-1.471099765623512e-13
-1.913981568363934e-13
-1.371825078017928e-13
3.420066881334735e+02
-5.276215582179378e-13
1.653067641984777e-13
-5.293301686856023e-14
3.468352391223932e-14
-6.267888963743208e-14
6.156438443805307e-14
-4.693749496552028e-14
2.649962944822528e-14
1.571674049916685e-14
-4.512765339134802e-14
-2.009161059215324e-14
-3.355717448983623e-14
-4.411867341894887e-14
-5.136068911280148e-14
1.002234326166905e-15
8.149561311336697e+01
-2.071240394789908e-13
3.487492161720693e-14
-4.223701977867694e-14
1.854553191440678e-14
-2.342110937444801e-14
-1.451589858760309e-14
-2.893594182498328e-14
2.145891036409752e-15
-6.256397164505024e-14
-1.017309018927711e-15
-5.767030429526935e-14
-2.968113540809666e-14
-1.359678994963295e-14
-4.217345189572460e-14
-3.117415725897657e-14
3.807715586943347e+01
-1.762359709240757e-13
6.662914644514306e-14
-1.957240403347237e-14
-9.356346159387931e-17
-1.594531425625100e-14
2.094697533645738e-14
-2.579143334637417e-14
3.435345316693447e-14
1.444065600203707e-15
-2.098919735051250e-14
-1.483602675897640e-14
-2.543652271398797e-14
-2.705013270570946e-14
-7.203765623335074e-15
1.240211373138222e-15
2.228868634948218e+01
-8.735873069755206e-14
3.121019146175501e-14
-2.227766666334141e-14
6.829889340911360e-15
-2.700864044248228e-14
-1.040225648626038e-14
5.786591785053176e-17
-2.591991061163894e-14
-2.749291707186269e-14
-4.469540016893954e-15
-3.358951049898258e-14
-1.738477892482176e-14
-2.002240025777227e-14
-3.365740592290848e-14
-1.171311167552798e-14
1.469814002106572e+01
-8.841732967622585e-14
5.399376002573124e-14
-2.279641994375374e-14
1.165129253390066e-14
-1.155537262814827e-14
7.310390909804807e-15
-2.361753822030837e-14
2.055215620981387e-14
-3.043059110489496e-14
-6.976500369336981e-15
-3.351329953081386e-15
-1.574484801534297e-14
-2.531892851737445e-15
7.794740292349468e-15
7.915396631075429e-15
1.044750084715108e+01
-4.053507463398608e-14
2.309132019696163e-14
-1.345090214561249e-14
-4.511998443744788e-15
-2.033632006399691e-14
-1.860908512325689e-14
6.531526041443749e-15
-7.838274193269693e-14
6.385502536279900e-15
-1.170953441285667e-14
-2.429697772578749e-14
-1.999138171378570e-14
-1.251329023520474e-14
-2.907198595051179e-14
-6.378725742658978e-15
7.822175034619308e+00
-1.552250001830446e-13
4.330458217693386e-14
-3.344349560247266e-14
-1.301667005090050e-15
-1.216026973220940e-14
-7.704999364477616e-15
-2.348280818857106e-14
2.690639359123546e-14
-3.230881595943661e-14
9.788788633058927e-15
2.272290889609302e-15
-1.136408825432235e-14
-3.450381415971659e-15
2.016213803530811e-14
-8.508259471491262e-15
6.085188165872337e+00
-1.463912258460430e-14
1.835131742623359e-14
4.558816006785280e-16
-7.470183670405069e-15
-2.160552363224107e-14
1.202385238235283e-14
3.198574362388490e-14
2.921853867707036e-14
-4.632607948776471e-15
-4.254113140608097e-14
-8.973553425932268e-15
-2.690694009907497e-14
-7.644487012299830e-15
-3.850802069726032e-14
3.368907569080897e-14
4.875573291279446e+00
-7.329054096570810e-14
1.619066151390149e-14
-7.381726691370445e-14
-1.162458209029601e-14
-6.821548654056634e-15
-5.108751323530516e-14
-3.600920187954399e-14
2.226456317160925e-14
-9.452602060846019e-14
4.580492953546845e-14
-2.897060982710019e-14
-2.769481136026488e-14
1.262708361226938e-14
2.825814081695765e-14
-3.365542248945468e-15
3.999114613858943e+00
-1.372318858928855e-14
5.271590749104439e-14
-3.571981176246110e-14
-7.238204565408916e-14
-8.432787823948171e-14
-7.219383099438295e-14
7.174440411011253e-14
1.017957597426141e-14
-1.262797611144697e-13
7.661309599126696e-14
2.378151616259487e-14
4.141950301142062e-14
-8.619795658244768e-14
-6.968806670418878e-14
-4.693201729841309e-14
3.343598681943715e+00
-4.126060670527233e-14
2.275785315383241e-14
8.672534401164845e-15
2.976918358838348e-14
7.168605001577589e-15
5.129817770933351e-15
-3.848458394254609e-14
2.522698737823055e-14
-5.594825697474234e-14
1.036133587982414e-14
-1.924176920104296e-14
-2.012407306450904e-14
1.064824333624091e-15
9.388550777143229e-15
2.369677594654722e-14
2.840450731927481e+00
1.336625321156527e-14
4.711043669427593e-14
-4.241474959671524e-14
-4.251007235993229e-14
-7.855925821363910e-14
-1.164811347495342e-13
2.513662365113879e-14
-4.226786067811823e-14
-1.331259777844864e-13
1.272112750217479e-13
1.184087109776841e-14
7.363565405604935e-14
-7.097532046188715e-14
-4.973944081419250e-14
-1.094886623589956e-13
2.445817436988004e+00
-2.596728454106080e-14
4.602058766628108e-14
7.534436800560026e-14
3.396405201774096e-14
1.530413004528854e-14
5.686951415108066e-14
-2.609178570500162e-14
2.398540142239261e-14
3.342785955863373e-14
-2.168692392948491e-14
2.054107517443850e-14
6.779635273707641e-15
-1.412031795100712e-14
5.463637635396974e-15
1.577258933858787e-15
2.130581261670864e+00
3.751707344411438e-14
1.577351823975098e-15
1.601895855595761e-14
1.439250047104637e-14
-1.863951224801772e-15
-1.569800830289260e-14
-1.901759112122256e-14
-1.408123830753868e-13
7.620273478426113e-16
9.057651245942109e-15
-1.658229904494717e-14
1.455593076233837e-14
-1.105501983703087e-14
-1.106637023219239e-14
-3.771510047914563e-14
1.874787665265047e+00
-1.491712489327546e-13
4.248185506789300e-14
1.532901514294918e-14
1.211813222815309e-14
1.151375672158182e-15
2.223695005095135e-14
-2.352309641337690e-14
2.281520124047790e-14
2.350584795684135e-15
-2.737057612651665e-15
1.826956979072355e-14
1.644186138614936e-14
-1.240715335021923e-14
1.807085812276958e-14
-5.021296189881491e-15
1.664387159612535e+00
-5.153148674820306e-14
2.402414005116169e-15
1.897408556128061e-14
1.068472079997609e-14
1.253700577589821e-14
-1.529695621024281e-15
-1.118087374191876e-15
6.111255526563933e-14
4.969003693704924e-15
-1.437847879928871e-14
-5.940919982718471e-15
-3.168295362719851e-15
-4.580192425040669e-15
-8.024730476409563e-15
-1.689101558277384e-14
1.489254128520286e+00
-1.107294877632393e-14
3.219210951328168e-14
-7.877431587767504e-15
7.862991705800633e-15
3.809253547859848e-15
2.075129326964492e-15
-2.338908305540476e-14
1.833203606875676e-14
-4.795621248834013e-15
7.552801868360348e-15
1.668370953260685e-14
3.640881856234297e-15
-1.123539901797871e-14
2.393729002164995e-14
-1.625815609828533e-14
1.341940547127692e+00
2.486067570238738e-15
-3.361146668326166e-15
1.740255727647767e-14
1.605453533979731e-14
9.451190282152191e-15
1.550573199306133e-14
4.868626283855987e-15
7.050288201181025e-15
-4.759702144769248e-15
-2.463840115957308e-14
-1.103492193946568e-14
-1.569984609300653e-14
7.616706087483955e-15
-9.930860892645580e-15
2.560972575529641e-15
1.216868559750599e+00
-6.654593609111027e-14
2.569260123265781e-14
-2.578051065990073e-14
1.176573861327429e-15
-1.444288331284202e-15
-1.065888329969092e-14
-2.503045021390288e-14
2.182146494178137e-14
-2.758048168745979e-14
2.355281410618236e-14
7.710719219858702e-15
-9.723138802078533e-15
2.361233916653359e-15
2.824297704072515e-14
-8.903297840044597e-15
1.109793671701440e+00
3.984868653482699e-15
6.128110269194799e-15
1.922022107157707e-14
-9.107283841360417e-15
-2.558011845602709e-14
1.752827359247621e-14
2.650379814541277e-14
-2.266214223433937e-14
3.431910935544863e-14
-4.910535038172400e-14
9.408720494449565e-15
4.109738445819417e-15
-1.395373038779595e-14
-3.986154974784910e-14
4.588696394665442e-14
1.017439587733377e+00
-2.976979840040196e-14
4.320527388292822e-16
-8.313628218157514e-14
-4.407236811532066e-15
-1.705455668304606e-15
-1.150368107407046e-13
-6.768634700029628e-14
2.016712843290865e-14
-1.768757956599844e-13
1.202368351800943e-13
-3.639155120252819e-14
1.871383219166036e-14
1.458899144662650e-14
5.600332517322303e-14
-7.798544209326449e-14
9.372446849977264e-01
8.592294205677099e-15
2.902017468114424e-14
5.835350533446487e-14
-2.099417589054647e-14
-2.637535337744187e-14
1.748959704290902e-14
3.960116865677177e-14
-4.451719540565711e-14
-9.581241647780108e-14
-2.109973586924584e-14
2.770236600426826e-14
3.661686814364047e-14
-5.152739095467837e-15
-1.869480285284918e-14
3.820560763110999e-16
8.671827338053520e-01
-1.003661049787541e-13
5.972019866494403e-15
-5.158950075163265e-14
-2.636625271291366e-14
3.049747485569920e-15
-7.959269990756209e-14
-4.867476886345871e-14
1.290446310752877e-14
-1.126592121231608e-13
1.089987912362090e-13
-2.021676779653151e-14
4.777390711248358e-14
-9.362916528884809e-15
5.028303609466626e-14
-8.374503938182574e-14
8.056340046863437e-01
-2.023187107115353e-14
-1.845417473997360e-15
6.114298978855953e-14
-1.750586849082316e-14
2.072589843801163e-14
1.271121503872032e-14
1.451727519909173e-14
4.055044006065911e-15
-1.217013135211455e-13
2.951783003846480e-14
-3.422752955940560e-14
2.977927637331713e-14
-6.903122944477643e-15
1.187231974901872e-14
-6.233059693644891e-14
7.512911970956093e-01
-7.571221493817172e-14
5.671722766395630e-14
4.510195914022185e-14
-1.694583617082084e-14
1.727092752809538e-14
4.915296836460350e-14
-5.877130355440632e-15
5.217955227758784e-14
5.582297778244903e-14
-1.373056573262384e-15
1.012341910632015e-14
2.250345921115698e-14
-2.848487456638637e-14
2.435661465071161e-14
-8.508310008069603e-15
7.030898347787526e-01
-2.043309899436684e-14
1.694979950957119e-14
3.550698715872651e-14
-1.312577041871462e-14
2.537934848693326e-14
5.611051664345594e-15
-1.001357966838703e-14
2.456454383680175e-14
-2.583599885917033e-15
2.431656203651940e-16
-2.879691415881892e-14
1.461063189619728e-14
-2.858061555534370e-14
1.136601224998465e-14
-2.572528762169074e-14
6.601561138973097e-01
-5.148159742572768e-14
6.549510025317000e-14
2.485721152196909e-14
-3.724652046170550e-15
3.120270095004016e-14
1.853480552890376e-14
-2.651084502474461e-14
4.525637054441845e-14
1.912949708481999e-14
-5.970049866820465e-15
1.544675525867564e-14
8.280786975591893e-15
-3.419218242744042e-14
5.140103850264135e-14
-8.642015950069426e-15
6.217673744293201e-01
-3.113460811766776e-14
3.870570183384697e-14
2.010971156667951e-14
-5.020448888776707e-15
2.746937975621265e-14
-1.163045607197849e-14
5.651294457538202e-15
1.747692797793935e-14
1.415976998293925e-14
-1.131421369071733e-15
6.569717921631274e-15
1.267141557401973e-15
-4.578196576417174e-14
2.373572906867781e-14
-3.162731794860133e-14
5.873218189661356e-01
-8.066918727077545e-14
6.003374786671447e-14
5.855103178284538e-15
1.700796458627359e-14
4.244645739969212e-14
-9.020703544143229e-16
-2.391913271116546e-14
7.339125229013162e-14
-2.846779092971472e-14
1.409424403627148e-14
3.327571314740623e-14
-1.475582858046640e-14
-3.737285613100823e-14
7.277283878078563e-14
-2.731915101451674e-14
5.563150861134916e-01
-1.651406955942691e-13
2.726569571845533e-14
1.676613291019119e-14
1.997108947153989e-14
2.452865119883159e-14
-2.071720959151384e-14
1.456667055122051e-14
4.892796546933824e-13
-2.363989863733508e-14
2.093093915898544e-14
1.313526704110981e-14
-2.524123652238445e-14
-3.658585690947266e-14
4.941096613635320e-14
-6.243036053397568e-14
5.283219606027915e-01
3.355180254602641e-13
5.129738902385766e-14
8.811876507535460e-15
3.487203386224720e-14
2.413384542959029e-14
-1.469281686738111e-14
-4.645892444719389e-15
5.815607929452846e-14
-6.339373470609643e-14
7.079950818671133e-14
2.740052786012585e-14
-2.666788461511327e-14
-2.093933333975293e-14
1.118997603575235e-13
-1.122705408591333e-13
5.029819719905005e-01
5.596287605515338e-14
4.208792827827187e-14
8.873968997447388e-14
3.385366150832252e-14
-4.841085968042388e-15
4.859616913804087e-14
8.903113378130278e-14
6.162212458564226e-14
2.533477055056714e-15
3.432840488273121e-14
3.131658334481121e-14
-2.266263273181312e-14
-2.456535003860158e-14
7.274326288797559e-14
-1.638416047050720e-13
4.799879650386203e-01
3.645240293327468e-14
9.285457324415742e-14
1.813998383112877e-13
6.896455449205882e-14
-7.753346320293875e-15
2.962504065302517e-13
1.460816836644173e-13
3.058967993666713e-14
4.214059025193226e-13
-2.511427273626637e-13
1.589386870880173e-13
-6.200336213619521e-14
-2.835119527492800e-14
-7.165850739066918e-16
1.091197040900656e-13
4.590769612093675e-01
4.403009273466930e-14
-3.540201774563873e-14
-7.274674357610232e-14
1.778488178258605e-14
-2.091004255420486e-14
-2.240179167630044e-14
9.013735798391803e-14
9.708677664558652e-16
-8.522488043614180e-14
3.563161317437777e-14
4.824289633926771e-14
-1.942587210406892e-14
-3.137922541330720e-14
5.466110349812023e-15
-1.119106034394494e-13
4.400228012332315e-01
2.075402283742255e-14
4.554143441072569e-14
1.432088633235332e-13
7.521106963742727e-14
-1.356549830727128e-14
3.049926278607312e-13
1.434087394828896e-13
2.309064079220574e-14
4.533642827033439e-13
-3.179131431410527e-13
1.676351105665586e-13
-7.473810547702936e-14
-1.615151647091991e-14
-7.654226565396595e-14
2.235733282484047e-13
4.226301830292827e-01
6.486325431941277e-14
-9.887336516297372e-14
-1.776356780016187e-13
9.925061886894011e-15
-3.192087004051176e-14
-1.098124701569349e-13
2.325887323754887e-14
-5.069044200760598e-14
-9.404878291401324e-14
2.854212754411514e-14
1.945818376007934e-14
-1.447379897477109e-14
-1.525399751442684e-14
-5.477017805342795e-14
6.897601765148854e-16
4.067298008266340e-01
-3.013423506935687e-15
-3.318145382561956e-14
-4.239135501445663e-14
3.725665091088905e-14
-1.417071932359019e-14
1.505388912921604e-15
4.451444697215868e-15
-1.435272072021373e-15
9.334137286270118e-15
-6.003968543099950e-15
2.728410030659728e-14
-1.617402803406472e-14
9.181859182566832e-15
-1.276901868296155e-14
2.966178701824639e-14
3.921743593156241e-01
3.161554417884128e-14
-5.562511383597160e-14
-3.099815414326687e-14
2.403547042946172e-14
-1.890243363786890e-14
-3.234028243183662e-14
1.427496012341135e-14
-7.428671029781278e-14
-2.036821242673930e-14
1.421469784446998e-14
-1.762394270567199e-14
-5.688782073342214e-15
2.162008929062043e-14
-3.083660113901724e-14
-1.679057134682726e-14
3.788352876868639e-01
-1.611405519751253e-14
-4.251071595401935e-15
-1.359403049021564e-14
7.508973101661981e-15
-1.294592230315423e-14
8.614136150943676e-15
-2.021467661452439e-16
-1.586720733589202e-15
-1.694062118382934e-14
1.021290312910177e-14
1.500892922514780e-14
-1.091405015007901e-15
8.313325911138720e-15
1.107231596002729e-15
5.358598310101946e-15
3.666000169052214e-01
8.814338810602130e-15
-3.308334082301935e-14
7.148303427378403e-15
9.041926606994068e-15
-1.165136121730557e-14
1.729990898562245e-15
1.842730056761139e-14
-5.593362846229150e-15
-9.024354277487668e-15
-1.028697920120602e-14
-1.486815287003248e-14
-5.365555303415028e-16
1.150081659241206e-14
-2.560668318131153e-14
-3.701590007182803e-15
3.553697129284481e-01
-4.506312056461349e-14
8.631505374561489e-15
-1.466635209160318e-14
9.426370597078063e-16
-6.234929849496555e-15
-3.825485297647134e-15
-1.174842367847212e-14
2.241502968556637e-14
-1.722904189812719e-15
1.776394501042178e-14
1.129547413804025e-14
1.046836143601888e-14
1.085423447458866e-15
1.630068087728053e-14
-1.022217978425249e-14
3.450573810746428e-01
1.478178756796235e-14
-1.784404454482066e-14
1.889038780382104e-14
3.358507994123468e-15
5.544182606032987e-15
1.146819682264552e-14
1.358753284456418e-14
-3.050799307280755e-15
1.782245257018298e-14
-2.053728482914575e-14
-1.241182218564658e-14
-9.360367206225966e-15
6.178220442273005e-15
-3.567201158626416e-15
-4.866620440091125e-15
3.355862741315616e-01
-2.588401781421391e-14
1.743436029743557e-14
-2.052982056571766e-14
1.037056828104041e-15
5.132704676481521e-15
-1.680146458445965e-14
-1.323957896203666e-14
1.725869288879372e-14
-3.390977371927155e-14
4.771057042179882e-14
3.334251789780394e-15
-8.537828224462647e-15
3.740982990843426e-15
5.657905860961432e-14
-5.563464289675261e-14
3.268885503165784e-01
5.927758946576723e-15
2.281659004200111e-14
6.292381833862391e-14
-9.025242467136659e-15
-2.550906128218802e-14
7.305945150221589e-14
8.535099768102953e-14
-2.870909259704352e-14
4.603850736393682e-14
-5.968233936520825e-14
5.040451727246553e-14
2.297978479986432e-15
-2.690757390481765e-14
-2.335295877997696e-14
5.847388357811687e-15
3.189041377711892e-01
-8.731072083755243e-15
9.019877100274606e-15
-3.732732742693290e-15
1.735200618553477e-14
5.339493780937303e-15
3.926071448808630e-14
1.834127455676585e-14
2.297513259221943e-14
5.055070106480302e-14
-3.054229501382194e-14
3.666578919450815e-14
-2.221875313168708e-14
-7.144837558427164e-15
2.464895283107347e-14
5.223547391880375e-15
3.115797706024905e-01
4.666947450336801e-14
-4.122684383777640e-15
1.634296704917394e-14
-3.097454592694430e-15
-2.437724525930511e-14
3.969498966970242e-14
9.075872760332462e-14
-7.940856332250055e-14
-1.103777393056961e-13
-5.151822527704817e-14
6.273847234447417e-14
1.780134089383938e-15
-3.736503414339346e-14
-5.059757468124982e-14
6.709592220837925e-15
3.048681680705092e-01
-3.254839172804781e-14
-4.317417082335014e-15
-1.299663938434519e-14
3.740984535048719e-14
-2.585957270809636e-15
5.872894529810263e-14
2.171657140161571e-14
1.888997009376845e-14
8.761571308689606e-14
-6.611435835305955e-14
5.880152956729269e-14
-1.298823178371369e-14
-1.040878400156982e-14
-2.045372458358550e-14
6.120803285253937e-14
2.987273337699454e-01
1.531434767508723e-14
-6.817228192408475e-14
-4.476675381931886e-14
2.649425295995811e-14
8.396003217027734e-15
-3.255836635864258e-14
9.752123392010037e-15
9.979157462365051e-15
-3.028742145968896e-14
1.546899316914300e-15
-7.425359986340431e-15
-1.605585732577034e-14
1.632629604588530e-14
-2.190551078154882e-14
-2.888533511680537e-15
2.931199558564932e-01
-1.477137922710649e-14
-8.005585819179936e-15
-2.604190325101444e-14
1.094186125055299e-14
-6.334559240130286e-15
1.165227346649339e-14
1.989950722551180e-15
9.239735689188854e-15
1.043104281706463e-14
-2.418551953068058e-15
1.763918869973028e-14
-6.798232617231830e-15
1.255630484024414e-15
1.910529777138067e-15
1.629455384061741e-14
2.880128927374184e-01
2.416317212604492e-14
-4.451313184346043e-14
-1.332008626666947e-14
1.133950574740299e-14
-3.184934003391888e-15
-1.277968999125874e-14
1.360860679861606e-14
-1.701203629146934e-14
-2.105323938641640e-14
9.263783497285700e-15
-2.682146692556675e-14
-1.215464696002955e-14
8.966278495249482e-15
-1.976230612688383e-14
-7.061732732558950e-15
2.833767313916675e-01
-3.179595542034287e-14
7.946468895783002e-15
-9.277328188249225e-15
9.854575066781811e-15
-6.460444023634986e-15
1.122208893271973e-14
-4.263626536292773e-16
2.482630905667272e-14
-3.115961215439275e-16
6.767572895156813e-15
5.315427287736822e-15
-5.006895808211404e-15
8.446778244921683e-15
8.917121824256249e-15
7.600892234050200e-15
2.791854076913443e-01
3.687522575800296e-14
-1.034926731368859e-14
9.047639506752733e-15
-1.599443375483929e-15
-1.034376844753121e-14
-4.307995395306925e-15
2.232600312908383e-14
-4.517168866705689e-15
-4.746048098684022e-15
-6.488712793955386e-15
-1.173930978459781e-14
-5.903271523911844e-15
-4.256330436690606e-15
-2.123404625002598e-14
-1.534170870038792e-15
2.754158799203263e-01
-1.691896689036577e-14
1.671323836177153e-14
-1.431525859934450e-14
6.135019144438348e-15
6.369458989172050e-15
-4.185564694994260e-16
-1.564566942533172e-14
2.569877447519454e-14
-2.910607881676159e-14
1.507232863178620e-14
8.609422599015915e-15
-1.130270119208248e-14
1.954711022354139e-15
3.187766347327337e-14
-6.058871912649838e-15
2.720478481693052e-01
3.695849248484985e-14
6.288820584611345e-15
1.212947145358465e-14
2.867046776501817e-15
-8.745404491798582e-15
-7.747180060570786e-15
2.306948026716071e-14
-2.121983622251910e-14
3.505534598219432e-14
4.485483280919003e-15
-9.313662136997204e-15
-2.398738809587857e-14
-6.364021975252260e-15
8.110949849348493e-15
-1.934853573922848e-14
2.690635135181041e-01
-3.293393402058366e-14
3.324858064855430e-14
-1.183067924616527e-15
1.251677701741278e-14
1.503991096395543e-15
-1.615533644467842e-14
-1.354055011410434e-14
2.209356779111463e-14
-6.271156061752293e-14
6.496043972199194e-14
-3.666251775573084e-15
-3.418024025321519e-14
1.437505154506336e-14
1.076377300429291e-13
-1.089993793267673e-13
2.664473719373266e-01
4.792194485302327e-14
1.042577214739290e-13
1.383264063538351e-13
-2.336655661019761e-14
-9.118915184791975e-14
1.846332866489323e-13
2.117590913550951e-13
-3.855586919455280e-15
1.472483736611607e-13
-1.954210585509631e-13
1.909254576680434e-13
1.329997787733476e-14
-8.114795326412639e-14
-7.933479372225387e-14
9.441040633038723e-14
2.641860386913866e-01
1.927068952646259e-15
-3.940646132998300e-14
-9.467552519935545e-14
4.277049439986500e-14
1.683320039841532e-14
-2.347295121771730e-14
5.731184569865964e-15
1.563689419272815e-14
-2.301838780242096e-14
1.667487317485016e-14
5.071264497192386e-14
-4.095424226250715e-14
5.543700234337236e-15
6.459855809516537e-14
-4.475707297794652e-14
2.622680997480229e-01
6.643491378864775e-14
2.766046956405915e-14
5.317475936523230e-14
-1.492236457368774e-14
-9.249948358330557e-14
1.353838785591136e-13
2.312659740382350e-13
-2.395466251924140e-14
2.358321844675400e-14
-1.642544825252126e-13
2.174037215063288e-13
2.940071366679879e-14
-1.048369754946978e-13
-1.403373555266871e-13
1.042826819076871e-13
2.606839872991404e-01
1.494443391637622e-14
-1.059772522638503e-13
-1.183429293171640e-13
7.662294325028634e-14
1.845491338564715e-14
-1.440547377805071e-14
1.633363925873558e-14
1.406661703475408e-14
1.447574378686942e-14
-3.380150910220674e-14
7.447031285486422e-14
-2.990500093233742e-14
1.966723873829976e-15
-4.250025694428348e-14
6.523465038415688e-14
2.594258770300506e-01
5.214079234659885e-14
-1.193817964094346e-13
-9.386931853161790e-14
4.242857319375769e-14
-2.303909240445514e-14
-7.196045340317362e-14
4.212446381108043e-14
-5.696757730445377e-14
-6.284209175100225e-14
4.793886205998103e-14
2.052916977096948e-14
-1.255802465405033e-14
-1.163957192477237e-15
-7.514873116085328e-14
-2.061165799444900e-14
2.584876052136238e-01
2.149474976166466e-14
-8.500753118652967e-14
-3.933582782993160e-14
5.898079665202205e-14
-2.642103539844469e-14
2.519274565758321e-15
2.267157228692029e-14
-2.753404107419463e-14
-1.755290023795621e-14
2.519076794077295e-14
2.094501602606382e-14
-1.243170616465768e-14
3.303727966245482e-14
-4.615389129802136e-14
8.229205286813711e-15
2.578646041096420e-01
1.070171795246488e-14
-1.124623307520622e-13
-1.929982396927769e-14
3.673919957908139e-14
-4.439416186715163e-14
-1.245933768160334e-14
3.824944589420502e-14
1.345916588719621e-14
5.684341886080801e-14
2.691386535547320e-14
-2.901373096929727e-14
6.097974285031499e-15
4.623101323537965e-14
-8.484522853674973e-14
-1.561356300523170e-14
2.575538544988376e-01
4.214489801969257e-14
-6.653977326142586e-14
-9.675213256376090e-15
1.379405243529442e-14
-3.683408082318021e-14
2.376396181129485e-14
1.475342211041950e-14
