0.000000000000000e+00
-4.046558733349018e-18
6.937764526644222e-18
-5.788058472914903e-19
-1.561251128379126e-17
-6.940023281170760e-18
-3.612877864355342e-18
8.112316880171237e-18
1.619075244245020e-17
-4.825829044822974e-18
1.192735327460355e-17
-5.781846897958906e-18
7.228014483236695e-18
-4.325514917317219e-19
-1.409575761957456e-17
9.000007408893744e-18
-2.891205793294678e-18
1.934623251529348e-18
-1.519012418742712e-18
-6.794898302875049e-18
2.891205793294678e-19
-1.446732273910871e-18
-7.805126264632626e-18
2.293765221165697e-18
2.168404344971009e-19
3.422013106912632e-19
6.155106083381249e-19
4.192813088907734e-18
5.719166459861036e-18
-7.190745033558033e-18
-1.159983386833189e-17
3.930232875261005e-18
1.807003620809174e-20
-2.212450058227706e-18
-6.461167321655803e-18
-3.067953334956127e-18
4.205800927433352e-18
-8.893845946170679e-18
-2.397667929361173e-18
8.747026901980460e-18
2.153157751920431e-18
-1.208207795963481e-17
-3.782284453806202e-18
-1.119297570933513e-17
5.948147699935448e-18
-1.475199639546036e-17
-5.988805281403655e-18
6.361393899078191e-18
-1.282531407781152e-18
-3.272397089338189e-18
-1.553356957775914e-18
-2.116481445885922e-17
-1.729229893801971e-18
-2.333070086604982e-18
-6.205151613348191e-18
-1.992443176346173e-17
-6.301123244899842e-18
1.737865645610734e-17
-1.515564040632414e-17
-1.464969149001508e-17
2.146185144099311e-17
-1.752976704579416e-17
-8.589305163873758e-18
-1.032493832647751e-17
-6.462348535570529e-27
-1.345569271825560e-17
-1.253966086512646e-17
-2.250096809676469e-17
4.721055005249224e-18
1.882964936280117e-17
6.163734880275833e-18
-1.420996999772508e-17
-3.867550919739749e-18
-1.782187805267150e-17
-1.898373871007307e-18
-2.114193155699327e-18
-3.706919938750187e-18
-7.649375209334250e-18
1.774598081898567e-18
9.262460174463963e-18
-4.416776253217043e-19
-1.123152067372008e-18
8.680558310348724e-18
-1.185048818403795e-17
-3.728892442459504e-18
-1.839604410401948e-18
-4.702312340509860e-18
-6.261598276322647e-18
5.510935764037357e-19
2.871776525870902e-18
-1.034245103187293e-17
-4.384268796435437e-18
-3.605248170794367e-18
-3.860940810592710e-18
-3.933948510487622e-18
-5.437381464088245e-18
-5.396891065300012e-20
3.137264629717994e-18
-7.312414627252007e-18
3.080527943360128e-19
-6.788676000004118e-18
-1.937996575484668e-18
-2.753349540599007e-19
-6.491868989058063e-18
-1.156681662444155e-18
-1.125966215475303e-18
-2.423969755099108e-19
-1.639139746487689e-18
-5.069801809198701e-18
-4.154367221561984e-18
-5.056536889156773e-18
-1.342554830868231e-17
3.064495503904790e-18
7.513654289546012e-18
1.020468057506846e-17
2.174057376149646e-18
2.817034005162214e-18
8.362333747695931e-18
6.750300022855459e-18
-9.888870764965828e-18
1.329471003969250e-17
1.864451166346369e-17
5.017087931189353e-18
1.936756218145159e-17
1.303396470672123e-17
3.404354191747912e-18
-9.559584842865739e-18
3.868010857345893e-17
0.000000000000000e+00
-1.170628304185098e-17
-1.357723860980610e-17
5.949540978527928e-18
2.226766601931794e-17
-9.798079868267302e-18
-7.438561893508542e-18
-1.064316916464018e-17
-3.150571596033148e-17
-1.025124739842581e-17
-1.874655509037358e-18
1.100724549338487e-17
-6.628711971309709e-18
-2.036725511813400e-17
-1.350574303588653e-19
-1.170683945714258e-17
-3.478778297246804e-18
-6.254497918335482e-18
3.460195276353506e-19
3.848305683025304e-19
1.206901424347898e-17
1.142091360813773e-17
4.936693929688217e-18
-9.077412807707619e-18
-5.503041162335570e-19
-4.757822862441311e-18
-4.601790622167197e-18
3.782872282900911e-18
-3.334342184396222e-18
-2.994051187047306e-17
-5.154493855557278e-18
-5.281547614119652e-18
-5.439280051722976e-20
-1.097601460098705e-17
-7.971443460553815e-18
9.610113111673432e-18
-8.703964446493937e-19
8.434885481566627e-18
1.373449394360345e-17
-1.194328514129277e-17
-2.721826452521772e-18
-1.051369404761469e-17
-2.163719098280078e-18
8.455608980085724e-18
-2.720262360558230e-18
-4.045715495045382e-18
-7.726614012327174e-18
1.789631395008641e-18
-7.875800252379702e-19
-9.678642786530893e-18
1.743432107774490e-18
9.402648589500551e-18
-3.933900206978044e-18
1.981068530043406e-18
7.805445548575329e-18
5.307257743098265e-18
9.368689322618598e-19
-7.245543033974310e-18
1.731910988607574e-17
7.293707161998048e-18
-3.071520140562962e-18
-2.739048835190061e-17
-1.610916527430567e-17
-1.241328550574916e-17
-2.502327509512429e-26
4.687904124500869e-18
-1.777253116235102e-18
-1.878199146916714e-17
6.319758367176453e-18
-4.308471607625461e-18
-1.072840671432569e-17
-6.573049682216398e-18
-2.221973271024265e-18
-4.401158674687693e-18
-2.598044371720080e-18
-6.762853909208181e-18
4.061620517936045e-18
-3.375535411728222e-18
-1.591267443541957e-18
-6.167813332222762e-18
-1.775128621251142e-18
-9.018376645261314e-18
-2.922848326809989e-18
-9.013750322306333e-18
3.805407023976028e-18
7.498020050947712e-18
8.019206086677230e-18
-1.651525548569727e-18
3.038785432494572e-18
-1.977470035777802e-18
-1.338547798954747e-17
6.315985815923361e-18
8.839923593673065e-18
-1.969985661972890e-18
-2.510965729414979e-18
-2.810782649257058e-18
-4.138895168711394e-19
-1.318853843541196e-17
1.066884995717790e-18
-5.536469644561514e-18
4.446099383022856e-18
6.138888245070737e-19
-1.168540661593652e-17
-8.292342286949835e-18
-8.299919287700595e-18
-3.974222169704733e-18
-4.281886253784250e-18
-1.281933510885278e-17
-1.487635898327823e-17
-7.971356245404847e-18
-2.295727664344897e-17
-3.585368154018309e-17
-1.482075771174538e-17
-3.743987794948414e-17
-3.175276095906253e-17
-3.868017323378762e-17
-3.799104411575509e-17
-4.531183515445770e-17
-7.049450704175444e-17
-5.269000967331224e-17
-6.375371618046154e-17
-6.567061357035000e-17
-7.451949303660495e-17
-1.044615177587999e-16
-7.081995572784094e-17
-1.005212822012332e-16
-1.043504007831394e-16
-1.106426116292676e-16
0.000000000000000e+00
-7.373632638196682e-18
2.766153846036190e-17
2.772852351052061e-17
-5.726012632303266e-17
4.871497708680576e-18
-3.707043154276490e-18
-6.968129001954383e-18
-2.631845304305699e-18
2.002424769357407e-17
2.298915576237928e-17
-2.000170226242990e-17
2.601412339586577e-19
-5.264420279437891e-18
5.021019101138098e-18
1.703702800015184e-17
-2.605277541183231e-18
-6.584844722908291e-18
-2.827967542610997e-18
4.516423984533347e-18
-9.361782086881050e-19
1.104702148282043e-17
1.088239689974023e-17
1.300575056923674e-17
-3.079624432183767e-18
-2.753397652650846e-18
3.395878533849699e-18
7.654261567682340e-18
2.252634507885352e-18
1.461578025104056e-17
-6.981826263519789e-18
-5.477499537330187e-18
5.155837243525285e-20
3.414892499038498e-18
7.431662822594655e-18
1.565291725587588e-18
-3.967971465670772e-19
9.615510764704873e-19
4.550720845125061e-18
2.240817632622705e-19
3.108605995460420e-18
-2.700478870900816e-18
-2.814741509395904e-18
2.196220401031555e-18
7.223599653715994e-18
7.799367987659552e-18
2.779416516924014e-18
5.265311324282524e-20
-3.827237926789009e-18
-4.440652613470834e-18
-2.881846451082751e-18
9.354875528639375e-18
-1.135177258691775e-18
-7.522855309876747e-18
1.205100498039058e-17
-2.208639177774100e-18
1.979730286486877e-18
-4.030087000204056e-18
-1.417899109246218e-17
4.708000025384910e-18
6.356039738310899e-18
1.823917078381694e-17
5.619712885311549e-18
-4.582401976255071e-18
-1.126746054664308e-26
8.259940639726471e-18
-1.350395318100976e-17
1.173047339986112e-17
-5.797652459801499e-18
1.307789451957517e-17
1.683804989706308e-18
-1.454598297728850e-17
-1.069848730573921e-17
6.854045132936873e-18
6.169309844012455e-18
2.689821867783574e-18
1.314812076103378e-17
1.264596077119877e-17
2.428087541764971e-18
3.007169671599085e-18
-9.781885160807510e-19
-1.474819467703744e-17
-1.063746839155568e-18
5.772356379220521e-18
-5.933730235101268e-19
-5.128654035967204e-18
-8.898038565114502e-18
-1.276486317041425e-17
2.396271488408344e-18
-2.844089365127670e-18
3.573299005097896e-18
3.040381546320665e-18
7.490159519589744e-19
9.561964548691345e-19
3.785741341217665e-18
2.164452579102541e-18
-1.263690923195893e-19
-3.289419911702731e-18
1.012969504599058e-17
5.963711548433902e-18
2.393132999286034e-18
-1.299345592126218e-17
-5.309821916797683e-18
4.643420924282955e-18
4.933391929363276e-18
-5.929000478997198e-19
-1.162074366784180e-17
6.881986173112637e-18
7.872093737714352e-19
3.236551658552673e-18
-1.495311396217520e-18
1.030427211414807e-17
-6.631349722441599e-18
-1.954278408627426e-18
-1.133229150616706e-17
-8.240096056790206e-18
6.275389604818840e-18
-8.495251303848993e-18
-1.096315230722705e-18
-1.093388894192531e-19
-1.280423199506773e-17
-3.462511477336863e-18
-1.138818232884547e-18
2.561905443831627e-18
-2.637438856571005e-17
2.245320552628061e-18
5.118168844609175e-18
5.171386861044851e-19
0.000000000000000e+00
-4.054721123077461e-17
-1.578789957533056e-17
2.452317799977585e-17
1.009181766041177e-17
-2.305046485386884e-17
-1.490568253652150e-18
-1.505247640272435e-17
-1.099955840953525e-17
-3.219854608843597e-17
5.074825675470535e-19
-7.213239768874860e-18
-3.015854584357112e-18
-1.947291629034300e-17
-2.600601836771879e-18
-1.045785319744445e-18
-5.955755621344849e-18
-5.380766481162535e-18
1.582009949335949e-18
6.761283026636306e-18
-1.164816943047508e-18
-4.523316633671807e-18
-5.338416557077950e-18
2.607268118277079e-18
-3.968941122868270e-18
6.610413890954940e-18
-9.369217566094610e-18
4.889136109746704e-18
-6.340734349540876e-18
-8.596718599507113e-18
-4.452976366825622e-19
-8.377928015811607e-18
-1.621176019827519e-19
8.687207403383553e-19
1.825804095243220e-17
-1.916712012373711e-18
5.043170812663341e-19
-1.907188838680491e-19
-6.790106698411507e-18
7.871770366875081e-18
-3.795950939671787e-18
2.271800075686832e-18
5.531720793792191e-18
1.595453834326007e-18
2.417182092922436e-18
-5.911771001526280e-18
-1.678612994158366e-18
1.629424489439953e-17
1.563938935530294e-18
-2.195653482501095e-18
-2.337320442919802e-18
-5.815027148086460e-18
-6.262192538685101e-18
-1.068744082046988e-17
4.344720647041050e-18
2.019548650447285e-18
-1.678922771220723e-17
-2.463331801960213e-18
2.363930552878225e-19
-2.826991515280460e-18
-5.976076083429511e-18
-1.503458025065601e-17
-5.265583555413799e-18
7.008238484023009e-18
3.448808203360911e-27
2.051114998834655e-18
-1.070491881156195e-17
7.501063601212937e-18
6.256418307488039e-18
4.755780332251261e-18
-6.770450401997019e-19
-1.856993227505836e-17
6.091535217204047e-18
-1.443812366644989e-17
-5.135174041092400e-18
-1.048615506458911e-17
-3.627071789488728e-18
-3.006041744953147e-18
7.865230938916247e-19
-2.974510922031902e-18
2.482410219471251e-18
-1.069366367488320e-17
2.120558315749633e-18
-8.104204291870959e-18
4.869074125400789e-20
-2.116080379447035e-18
9.390817163951834e-18
-4.104269157820119e-18
1.974764285149282e-18
2.430235478914928e-19
1.280440938346634e-17
1.625716329876331e-18
-1.310765329429342e-17
2.378696272039918e-18
1.790158278643955e-18
-4.082612855620839e-18
-4.714850749442974e-22
2.557003653792073e-18
-1.177928455373133e-17
2.125670778910236e-18
-6.441938366149158e-18
-3.218731056756095e-18
9.744389796447175e-18
9.809078553590721e-19
2.083891068737286e-18
-2.668936527730390e-18
-4.651408785685610e-19
-4.882499493402543e-18
-9.005856227573462e-18
-1.421483393088129e-17
-1.713339882345639e-17
3.442898609319337e-19
4.995688106109397e-19
2.458830566148490e-17
-9.402524155499771e-18
-2.687378264347805e-17
-2.554376847431892e-17
-2.967238407089457e-17
-2.901824146308176e-17
-3.250002047091976e-17
-3.447802876689892e-17
-7.552563274680999e-17
-8.932148241867137e-17
-7.738353591993401e-17
-4.229313214458087e-17
-9.151987118146262e-17
-8.170888543663057e-17
-8.644971897216779e-17
0.000000000000000e+00
3.323252515210521e-17
1.146482887432554e-18
3.875066945472034e-17
7.467463702948128e-18
2.134440049069414e-18
4.604573087431051e-17
-2.031093223272939e-20
3.815277052422116e-17
7.011558825079202e-19
-2.163283737976819e-18
-1.062239204459475e-17
-1.978420943602272e-17
3.616973581353302e-18
2.030853109337912e-17
-1.987565458504670e-17
-1.914478854472584e-17
-5.949740088475405e-18
-3.165102264903537e-19
4.360120343475683e-18
-2.203339827647270e-18
1.227254330617876e-17
2.207281166858336e-17
3.038821020531407e-18
-2.886754626903097e-18
-6.105215583590539e-18
5.952014836898282e-18
4.066248775753534e-18
5.127035226183550e-18
9.281691962518614e-18
1.494473252871352e-17
2.345638491517144e-17
1.663972846545035e-19
-4.139678695873317e-18
-1.474050565966884e-18
-6.161621336488108e-19
1.325257666716124e-17
2.561977277759535e-17
2.680917271817821e-19
1.326430854477547e-17
3.938909996370659e-18
1.670865003902142e-18
1.124081623800468e-17
4.982333063259427e-19
-2.770141358946458e-18
1.015946328344685e-17
-4.751461358642018e-18
1.708310869611725e-17
-9.576099076509145e-19
2.011800793195165e-17
-5.405774804325451e-18
8.310369732891965e-20
5.585574896701925e-20
5.701114119069439e-19
3.373709557656924e-18
-1.101441102641148e-17
-1.710263139130874e-17
7.737289626086320e-18
2.407832619722189e-18
5.548177217480439e-18
-2.040234650542224e-17
-1.693463576287133e-17
-7.314291251414115e-18
2.101336200682681e-18
5.237124803827175e-28
1.486321324209713e-17
-2.962343436041030e-18
5.800051847002914e-18
-1.081415365493919e-17
4.127148577027698e-18
3.349272326795546e-17
-7.611226863935275e-18
-5.863897332674898e-18
9.883768075409359e-18
8.592600179093025e-18
1.083924563226257e-17
7.134436185023072e-18
-7.602998014850553e-18
-3.289416113379560e-19
4.202445976113189e-18
-2.963688574032641e-18
1.303356150953832e-18
-7.038774787332244e-18
4.200911717530350e-18
-3.830755364896806e-18
4.077764121667246e-18
7.366783087447729e-18
-1.432734590851254e-18
-3.122260120292186e-18
-4.885470462170324e-18
5.254139691430859e-18
2.793064614065706e-18
4.614087525769631e-18
-5.610166658514237e-18
9.443710918134654e-18
1.062527092612040e-17
-2.125129354486111e-19
3.525636800664232e-18
-6.423749408333575e-18
8.427427616759428e-19
-1.240393185198625e-17
-4.964534107487379e-18
5.655260769365237e-18
-5.353005267089926e-19
-3.868567617739552e-19
-4.766981220390951e-18
5.360687153270500e-18
1.026714751670042e-17
6.559232597337137e-18
-1.546886536193132e-17
-1.734111002265224e-18
-2.812238438912151e-18
-2.149717941712098e-18
-6.540882438441523e-18
-9.435625347477297e-18
-1.335386174547003e-17
-1.307596532759940e-18
-1.782038723445856e-17
-3.234593772351477e-17
-2.173661148217549e-17
-8.019973230247732e-18
-6.310579312983685e-17
-2.736636922504806e-17
-3.220505373114881e-17
-9.031087952407321e-20
1.992415289866921e-18
-2.522459227726487e-17
-2.427969980178935e-17
0.000000000000000e+00
9.823091080672761e-18
8.459942207022746e-20
-1.275310302100153e-17
-2.517641075508291e-17
3.479723332307858e-18
-1.676553060259642e-17
-8.584669206330466e-18
-3.653404888185399e-17
-2.344824312977765e-17
-1.060866177188364e-17
-3.384527811826181e-17
-1.343787154576504e-17
-6.905102076444840e-18
-9.879489615446288e-18
-3.116480923216671e-18
-9.516789751241336e-18
-7.187029052759708e-18
4.505147963086271e-18
-8.127108820643368e-18
-3.128421403297562e-18
-6.867380564044822e-18
-5.420622963109240e-18
-9.610423863559833e-18
-2.580898861023716e-18
3.525134747425341e-18
5.551680926474889e-18
1.098070490471476e-17
4.671816437493644e-18
-1.071644366755871e-17
4.362348060878911e-19
-7.049201485860392e-18
-8.836406852944009e-20
7.910428622627928e-18
7.943571731634872e-18
1.398209223494387e-17
-3.554439068621948e-19
-1.306488394878925e-17
4.628353288057937e-18
-5.397751928738695e-18
2.829454317326930e-18
4.243532217514476e-18
-5.864024465789827e-18
-5.045969305126105e-18
5.007782327388107e-18
7.347310477914065e-18
7.692031345278385e-18
7.099085836092225e-18
-2.358194475955402e-18
-1.907638143692245e-18
-5.647347934000484e-18
-2.708013205321360e-18
-5.767895861472045e-19
-1.158951903922820e-17
-6.447942639619879e-18
-9.072083462066775e-18
-1.297146181273900e-18
-2.905306677339910e-17
1.350673073163746e-17
-2.413436715995023e-17
-1.149925765398030e-17
-1.908914341602929e-17
-1.066378278921691e-17
-1.655207366672090e-17
2.049311693181823e-26
-1.164526077278647e-17
-1.150241009742910e-17
5.486245052753485e-18
-6.363952625930655e-18
-8.398347253363701e-18
1.306109833454734e-17
-1.628612309796647e-17
6.927983301317053e-18
-9.110263043947713e-18
-6.120848350808271e-18
-5.266353915991442e-18
4.867414204607610e-19
1.590476439897634e-17
3.617961533240921e-18
7.250862666402109e-18
-2.766465810071805e-18
-1.060204419857092e-17
3.582283909259042e-19
2.111257759499996e-18
-1.309941314964322e-18
-2.903096788843156e-18
7.599346346293022e-18
-2.863854308848567e-18
2.840877210639034e-18
4.152437444901239e-18
1.715953739187629e-17
2.804517666102739e-18
1.131868150111312e-17
7.145391215023161e-18
-1.042365224205652e-17
1.675417192538054e-17
5.561220913121754e-19
-2.310328604773405e-17
7.437953481338383e-18
-6.728605133082072e-18
8.238324423060955e-19
6.965515936872300e-18
2.398669957017791e-18
1.075973100053418e-17
1.217017297495021e-17
1.234901639693238e-17
2.150802583755687e-17
1.847744971749517e-17
2.464323101845980e-17
3.237531384863055e-17
2.563813090637719e-17
4.157950270320817e-17
4.196198648330360e-17
6.000144449511517e-17
5.798893085313226e-17
5.917462651160261e-17
7.637940634125642e-17
8.910298027773166e-17
1.078413668466538e-16
1.223415304777817e-16
1.290497502562658e-16
1.021202637826594e-16
1.217561085005397e-16
1.658276224249446e-16
2.458245166601098e-16
1.641290841826253e-16
1.574270739011803e-16
1.810096432397876e-16
0.000000000000000e+00
3.121568920628863e-17
2.469779616253113e-17
2.559277685180934e-17
-2.931248567251829e-17
1.085972945916100e-17
-7.986675101042442e-18
5.880409403490979e-17
-3.026668738073338e-17
4.616729368804024e-18
-2.428915469651704e-17
-6.949891847882101e-18
-1.926024374673675e-17
-1.232254744143374e-17
-9.101913086697638e-19
-9.341099716148589e-18
-6.238033859363484e-19
-7.423378997596009e-18
-1.465439093329822e-17
1.525275890195420e-17
7.237756117336875e-18
2.335869720615996e-17
1.015758323936511e-17
-4.719174693332255e-18
7.313680273107202e-18
-7.579731852288837e-18
6.650860102228636e-18
2.134751817236278e-17
2.764531212638819e-18
8.574857353969330e-18
1.546993948010861e-17
1.229994673096861e-17
-3.273499736676479e-20
-6.886176482532034e-18
-4.927580277794253e-18
6.466264897982651e-18
9.214611514676239e-18
7.393269672118500e-18
5.277892633232346e-18
1.064567202418894e-17
4.205406068983282e-18
7.838134180769202e-18
3.757387996418710e-18
1.080576670458015e-17
-2.937714223008435e-18
1.300296112795308e-18
-6.686362509384548e-18
1.297250702990462e-17
-5.773118640511214e-18
-7.354451603439064e-18
-1.596153593275797e-17
-1.409658581527418e-17
-4.359851364945695e-18
-1.534346627913024e-17
8.268862257418837e-18
-9.847143057949534e-18
-1.285316283967478e-17
-1.189240836729564e-17
-2.389113908690886e-17
-1.513669052045734e-17
-2.260482222943611e-17
-3.896346436176629e-17
-2.471119932349349e-17
-3.505380244644879e-17
-1.606699519299202e-26
7.514919809379222e-18
1.858783990979713e-17
-1.666511238302803e-17
1.383758354108716e-18
-1.454148941100130e-17
8.648302319990415e-18
1.257349334292642e-17
2.464358154441509e-18
1.059977749353345e-17
1.195059470673208e-17
-1.060681382579390e-18
6.172860158294167e-20
-2.171597326042021e-18
1.270042795489220e-17
1.566619568831774e-17
-1.097615304894270e-18
4.703696155647519e-19
1.311172515945453e-17
6.556710912398076e-18
3.536248869139473e-18
-5.966424975608090e-18
1.349103767851941e-17
1.483555501952003e-17
1.251655853489120e-17
5.025758971101352e-18
1.080156036322185e-17
1.918893949555090e-17
1.217989509547185e-17
-2.391434999223236e-18
8.659296568037642e-18
1.252685049857719e-17
-6.708309684050546e-19
6.177821806576490e-18
2.090431213891970e-18
5.584260860358300e-18
1.344701984245142e-17
3.021920433690896e-18
-4.154102779839620e-19
9.331515081925290e-18
-2.973006556494705e-18
-3.144845545440022e-18
-1.396632413700057e-19
-5.725840007334095e-18
-1.300405559621413e-17
-3.693657057611916e-18
-4.553675504634531e-18
-1.574632355500784e-18
-2.408669289430750e-17
-2.329902346155243e-17
-2.807901211992382e-17
-5.026965182383480e-17
-5.689849896949300e-17
-6.006249083850130e-17
-5.854212876191181e-17
-7.278070408602134e-17
-7.131689082995384e-17
-9.179070162000629e-17
-6.362919337113733e-17
-9.824513027314455e-17
-8.101594505120653e-17
-6.687911664800377e-17
-6.932108725671162e-17
-1.016288741898948e-16
0.000000000000000e+00
-1.412261174296499e-17
-4.226314018316271e-18
-8.613950158426275e-18
-5.381510420920326e-17
-7.773301912343500e-17
-9.059009639470944e-17
-9.371890943731334e-17
-6.126453803855355e-17
-7.438360906620196e-17
-3.588419623443598e-17
-4.823301540385299e-17
-5.896448561126335e-17
-3.388239105505197e-17
-3.631486619899767e-17
-4.592873820182995e-18
-2.264915658802031e-17
-2.467498121252537e-17
-2.543720359757950e-17
-1.619703736727206e-17
-8.960070700055354e-18
-1.525814125374981e-17
3.068493892511431e-18
1.439204202653330e-17
1.234513440861138e-17
1.624769293897858e-17
1.697558178755441e-17
4.658260426050267e-18
1.140647165734386e-17
2.867266305437033e-17
2.259931616649950e-17
3.416673711120483e-17
-6.013587730172975e-19
6.168871192302335e-18
1.454114275176322e-17
2.678832824949449e-18
9.702546481924682e-18
7.235019464698138e-18
6.276216008206705e-18
1.383896245555839e-17
1.251937330682697e-17
1.147446414981441e-17
1.311486477009021e-17
1.349968690360417e-17
1.018166583624781e-17
4.651678889007385e-18
7.619711915964607e-18
2.858154934927642e-18
-1.515782199960281e-17
-2.264729942490743e-17
-3.765887485709506e-17
-2.780036510675692e-17
-2.916501969517469e-17
-2.367684704528118e-17
-1.530657494519278e-17
1.658423403385890e-18
-2.994877475911171e-17
-3.446238230858514e-17
-5.737579846712005e-17
-2.815645262306548e-17
-6.597725348271470e-17
-8.409780290793830e-17
-1.185045185855843e-16
-1.197325107464240e-16
1.960245722456394e-25
6.251877491081904e-18
-2.465086415893723e-17
2.994440174011604e-19
3.391123243758529e-17
3.346383996426294e-17
3.125277035846354e-17
2.855124974583146e-17
-1.401867982718939e-17
-3.200671706969975e-18
-1.524417354728569e-17
3.142273748340886e-17
2.748431221136324e-17
3.944725741336320e-17
3.249908805752107e-17
5.513972728388786e-17
7.403067959002585e-19
8.309975547716449e-18
-1.610209632730425e-18
2.775006990147071e-17
-2.120829327766892e-18
4.365748982306487e-17
3.121429348358397e-17
6.066619374824855e-17
4.894043431509047e-17
7.331804253706975e-17
8.526911273419591e-17
9.291443211611216e-17
4.591596200476111e-17
8.095940909856550e-17
7.031615777199998e-17
6.598499596837405e-17
2.927345865710862e-18
3.224710899060324e-17
6.115577879176048e-18
4.496672041520374e-17
1.807003620809174e-17
5.791333666967049e-17
4.380289714567738e-17
1.009200228449304e-16
9.403646842690941e-17
1.294706800537148e-16
1.298885496410264e-16
2.031077716675816e-16
1.561251128379126e-16
2.256597415439121e-16
2.254406423548895e-16
3.272494851058055e-16
1.723158652803628e-16
2.675280154380618e-16
2.640382396953735e-16
3.713748194600689e-16
2.755319121009828e-16
4.053459228426504e-16
3.760024427952359e-16
5.857390943080318e-16
5.406554833461048e-16
7.125907484888352e-16
6.235619388460928e-16
8.008645694312564e-16
6.776986379482726e-16
8.118517161344082e-16
7.246796027120481e-16
8.553643633234946e-16
0.000000000000000e+00
9.945860866660046e-17
-9.252987915805977e-18
7.806199173032376e-17
-7.112366251504909e-17
6.937764526643697e-18
-6.606292299952039e-17
1.173422976264009e-18
-1.387778780781446e-17
2.986864047471316e-17
-3.895786868738278e-17
-1.155917628687420e-18
-1.821459649775647e-17
-3.281405637663212e-17
-6.498097958156090e-17
-7.195375480335725e-17
1.561251128379126e-17
8.873517155436576e-18
-3.831977053378455e-18
-1.257730988946441e-17
-1.011922027653137e-17
-4.539306033198998e-17
-4.018663114953303e-17
-7.692527351510849e-17
-6.281144585932688e-17
-7.627475221161771e-17
-9.537252172904520e-17
-1.007579572076891e-16
-7.205426937976581e-17
-8.727714550782062e-17
-8.185613464539257e-17
-6.712114949495571e-17
1.807003620809174e-20
-1.327131221757985e-17
-1.509977400638666e-18
-1.315103353907132e-17
-8.678134888936057e-18
-3.017131358119870e-17
-2.155190630993842e-17
-1.743645556354447e-17
-3.047681013084123e-17
-2.377790889532219e-17
-3.616717747049562e-17
-2.891403434315810e-17
-1.735655212218787e-17
-2.440196041921285e-17
-2.363108985113197e-17
-2.137328823718511e-17
1.729763039279449e-17
3.252215647044447e-17
3.429770075819651e-17
3.300202489902709e-17
3.561654098323880e-17
2.543640216331482e-17
8.835255089021798e-18
2.112899422962269e-18
1.755827176401922e-17
4.773398353346658e-17
5.856517594760499e-17
5.960073138700419e-17
6.946805983832349e-17
9.675661885838203e-17
1.296553444774710e-16
1.302231496033480e-16
7.108583389127582e-26
9.108428225861176e-18
1.755890135186295e-17
7.292470836910142e-18
-2.367624411350287e-17
-1.331132542326513e-17
-1.480693347036527e-17
1.408996629258482e-17
5.381020213789635e-18
7.724043091579925e-18
7.613855965796590e-18
-1.022935255651520e-17
-2.941136624890970e-17
-1.820441464458060e-17
-2.568018000823303e-17
-3.089911562844573e-17
-2.584827154715683e-18
-2.861799632551675e-18
-4.850951857827396e-18
-9.045552475708262e-18
-5.314948081138792e-18
-1.350990381615298e-17
-1.962322962662200e-17
-3.078365853753032e-17
-2.342587104554618e-17
-3.460948682495718e-17
-1.839185398225810e-17
-3.788171912379318e-17
-2.396870596655075e-17
-3.931879059063454e-17
-2.922441745495041e-17
-4.595784095885438e-17
8.933833836658824e-19
-1.251156229964434e-17
-7.856537979566217e-18
-1.059496194086312e-17
-4.120050561173513e-18
4.894493621897407e-18
-1.096405375010419e-17
-1.706180848662434e-17
-5.434309005032251e-19
-1.654285397035604e-17
-1.050366405181491e-17
-8.417120009285665e-18
1.321963864475545e-18
-1.077844025209464e-18
9.478044894849784e-18
-6.471836737734795e-19
3.422620307084452e-17
2.352282252163933e-17
3.728676672792219e-17
3.564426743091900e-17
6.578524550061717e-17
7.512750550919229e-17
6.583226275913343e-17
8.840428810976650e-17
9.396280622849631e-17
8.130400887626285e-17
7.799812421719793e-17
1.184420034853420e-16
1.164077934121361e-16
9.570874443612599e-17
8.827165453400852e-17
1.132782827786578e-16
0.000000000000000e+00
-1.454779761360785e-17
-1.021354133586346e-17
-6.839527080689066e-18
4.812096385424588e-17
5.261328913609969e-17
9.081044433649911e-17
7.447429328786657e-17
4.648480972144257e-17
6.772195267668632e-17
3.638981154223237e-17
2.142409844089904e-17
4.147456299155036e-17
2.735791964081889e-17
3.041543148155381e-17
-7.225502315248346e-18
2.325761706457576e-17
1.334777239720739e-17
1.625349795123342e-17
2.986441296086980e-19
2.244251935263299e-17
-8.881090239279250e-18
-2.789240506423330e-18
-1.122185491475746e-17
-9.797007331302055e-18
-9.086628062228594e-18
-1.207297161848507e-17
-1.723958636524415e-17
-1.044134138549816e-17
-1.994065119998281e-17
-6.344109927612313e-18
-2.418662307088408e-17
3.613690460957888e-19
-2.798101283146755e-18
-9.938826747611635e-19
-1.261066701073844e-17
-7.513120545354463e-18
-7.522362002849618e-18
5.702288427432949e-18
-1.320860631153104e-17
-1.006808659903187e-17
-1.130016130951929e-17
2.610767319291703e-18
-5.575830489496476e-18
-1.309152559203898e-17
-8.726406081064251e-18
-5.336867199458027e-18
-2.630544968878145e-17
5.764795009310138e-18
4.848176266510966e-19
1.691684647061722e-17
6.590153060255527e-18
2.096057155987319e-17
1.594288942534691e-17
8.923629652393014e-18
-2.470668253983764e-18
8.666089057406594e-18
3.097854040871818e-17
3.694250617867649e-17
1.493763217885281e-17
2.270043881248240e-17
3.574349853486152e-17
3.580367172106885e-17
3.948022734737311e-17
-6.902401122877992e-26
-6.867060087094374e-18
-1.340227322352336e-18
1.180271801006369e-17
4.724454848478380e-18
1.676734225139038e-17
-1.423205580711057e-17
8.370971850518425e-19
2.859319547112791e-18
1.224779288257436e-17
-1.004365114482911e-17
1.039727616810442e-17
-1.955737318405967e-17
7.172575119318463e-19
-9.737032903072658e-18
-1.314136642070918e-17
9.387118457794997e-19
6.980300184890658e-18
4.935230184984413e-18
-2.780958722784790e-18
2.127404601278337e-18
1.822957381979461e-17
-6.728139820068568e-18
-1.478167490884944e-17
-1.030600287470158e-17
-5.073784059981783e-18
-8.901389898034767e-18
-3.269108949757843e-17
4.206282873532904e-18
4.639709525475655e-19
-1.772873008806000e-17
-1.159860531470168e-17
-1.934716364866854e-18
7.560396458326484e-18
7.639982505963495e-18
-1.391894668418415e-17
-1.913250942060055e-18
-1.458575374586163e-17
-1.552994903653246e-17
-1.659044366102551e-17
-2.910415672891964e-17
-2.764576340797019e-17
-4.972155104566831e-17
-5.405628954814553e-17
-6.415687531350101e-17
-7.492067173429229e-17
-8.280239913444382e-17
-1.018193826207117e-16
-1.163853137733284e-16
-1.423175190297924e-16
-1.567935391882107e-16
-1.585597261885842e-16
-2.161729758289906e-16
-2.508883142169009e-16
-2.817151017806057e-16
-3.061748595778584e-16
-3.442162505191527e-16
-3.333002529625133e-16
-3.737897493303815e-16
-4.274611567690650e-16
-5.118873929516547e-16
-4.484819644563931e-16
-4.507106485819259e-16
-4.859120109853946e-16
0.000000000000000e+00
-3.188349438376254e-17
-2.764960539785420e-17
-2.626450823446006e-17
1.225360638540040e-17
1.142342058162552e-17
-8.357476356111970e-18
-6.664665212027444e-17
3.214509539999331e-17
-1.246382028374664e-18
1.250256284151006e-17
3.725181904031737e-18
1.217309094279025e-17
2.270655322368178e-18
-1.227921753785799e-18
-1.231621377482387e-17
-1.204234679525987e-18
-2.169260474951777e-18
-1.949406777810126e-18
-1.806093521814312e-17
-1.228295708417949e-17
-6.892527914215450e-18
-5.981838509071684e-18
-1.072773587811088e-17
-8.586012058152438e-18
-1.493540832761930e-17
-1.725441711256535e-17
-1.768915329241461e-17
-1.128947347142924e-17
-2.160020528346806e-17
6.351097912736941e-18
-1.398374336465906e-17
6.268660687854790e-20
1.109689165759174e-17
1.312533138092062e-18
-7.557777036758999e-18
9.721905789381445e-18
-4.185485925222840e-18
8.060077732934420e-18
6.492807439300939e-18
-2.136091041279380e-18
-1.885873970637824e-17
1.222162331536517e-18
-1.528263192564663e-17
-1.183828561753172e-18
-7.278317840338765e-18
5.121587585904859e-18
-1.034623851669361e-17
3.328720539120715e-18
4.661497977763729e-18
8.060855322111405e-18
-1.283813205161321e-17
-4.803354555642839e-20
1.690186117367426e-18
5.115491856835303e-18
4.917531287136212e-18
2.025539080432834e-18
1.273630988968871e-18
3.106649658676974e-19
4.846212465703385e-18
9.805669447444842e-18
2.234137682687412e-17
2.095835949132839e-17
1.102499293891407e-17
-1.599609824506523e-26
9.682454467741534e-18
7.767961849016978e-18
-4.552786351054256e-18
2.431158273110289e-18
9.233902812615723e-19
3.675359838978565e-18
6.561799650827803e-18
1.363657002091894e-17
6.384376901176107e-18
1.163991175057802e-17
-1.421481799491153e-17
2.400497213119014e-18
-1.346027236467502e-17
-1.358024080451660e-17
-2.193762210529225e-17
7.622630429895831e-19
-7.299206025985510e-18
-1.444871337822077e-17
-1.027932702007175e-17
3.445082183221970e-18
-6.521552524217252e-18
7.260879458261067e-18
-3.765153599003054e-18
-2.002288507073467e-18
-4.130743476522349e-18
-9.978265095453062e-18
-1.540067378964366e-17
-6.653628958082942e-18
-9.450336484217457e-18
-7.302927971582155e-18
-4.574154287217499e-18
2.638529936953963e-19
-1.168848924410322e-18
-2.992405378941654e-18
-1.453468627402334e-17
6.560351755083012e-18
4.840646593904051e-18
-1.064470126992490e-18
-2.210135119369820e-18
6.865735784733821e-19
2.114198603666211e-18
2.998433504379682e-18
-3.884453533974343e-18
-1.021069593526617e-18
-4.691013979223121e-18
1.893365592153358e-18
-6.895577357372340e-18
8.830506883090740e-18
1.522945032524698e-17
1.626262684335643e-17
5.169462897754604e-18
1.385361123465182e-17
1.954300412082396e-17
2.813212102093816e-17
4.019253567367755e-17
4.329535683939820e-17
6.970165152757370e-17
6.020319441296198e-17
4.927159854375419e-17
2.411721600875600e-17
1.132357249638259e-17
3.641308410675901e-17
4.633621402130917e-17
0.000000000000000e+00
-1.772941896658690e-17
4.171851988619368e-18
1.494438578720416e-17
3.498090090807914e-17
5.492535618204334e-18
2.168349780150515e-17
1.677332215115739e-17
3.735568604878834e-17
5.704819875661412e-18
2.047405545219611e-17
2.804550388014665e-17
2.132497867793356e-17
1.587845670003474e-17
8.686886987264887e-18
2.073313961003699e-18
1.475713440868994e-17
1.337322868951217e-17
-2.582426349066198e-18
8.793665795003196e-18
2.259932646739059e-18
2.520913919129805e-18
5.912780341425026e-18
3.675383772615706e-18
-1.447686541659361e-18
6.109748886990428e-18
5.880355416380404e-18
-1.003661651340539e-17
-3.852879489990842e-18
3.628425950033665e-18
-1.678166658457969e-17
-2.295214948778409e-17
5.861604379329843e-20
-5.822599141879950e-19
5.978253668615346e-18
-1.048979620571727e-17
1.586036048940018e-17
2.637463432890970e-18
-3.296677186574196e-18
-8.232676616618883e-18
-3.763781596721312e-18
4.434322525961487e-19
-9.618191083215251e-18
-1.316914874069433e-17
6.018607821491029e-18
-1.173043525697343e-18
-4.389082928475978e-18
-1.045975648981065e-17
2.630503088958845e-18
6.094527827116043e-18
9.201702937746331e-18
1.194039506842082e-18
-8.421836429433826e-18
1.746839920734745e-17
1.821940761506277e-17
1.321028022359545e-18
1.946259821314747e-17
3.891818593127519e-18
1.204848771623620e-17
1.593186077861236e-18
1.695712841547995e-17
2.949969007105497e-17
8.160387168628661e-18
-6.887274272846528e-18
-5.083936413087812e-26
-1.676044137677210e-17
-1.237703754014354e-18
9.151292880633172e-18
1.054202466395385e-17
2.355909654296218e-18
-2.746420432874681e-17
-1.403565694068803e-17
7.940485505853637e-19
-1.006390796036057e-17
6.556485713441581e-19
-1.440060598547530e-17
-3.640437810728667e-18
1.243979398276669e-18
-3.918312713986126e-18
-2.490127278602608e-17
-3.395580350757467e-19
-2.235159740330830e-17
1.384785545775863e-19
-8.684553411342879e-18
3.544140676682982e-18
-5.854499654216982e-18
-1.601800294326948e-17
-2.316454485745122e-17
-1.175165182941222e-18
-1.951697591834629e-17
-1.636194776193440e-17
-2.442445513817518e-17
-1.782056541174175e-18
-9.956817706809441e-18
-9.223719423747694e-18
-2.621632035629488e-17
-2.886490942545236e-19
-1.669313125068514e-18
-9.984897999155452e-19
-2.061244719705319e-17
-9.170572917642105e-18
-1.337182093679919e-17
5.870380241870100e-18
-8.753282179362428e-18
-4.252295413708295e-18
-1.189777141051651e-17
-1.557879251969089e-17
-1.448744994441090e-17
-1.402484628287381e-18
-1.556232698552893e-17
-1.770788974027049e-17
-1.891802832832213e-17
-1.900328588769688e-17
-5.158268100184689e-17
-1.069361486242425e-17
-2.834937738571541e-17
-2.707617696364423e-17
-3.162343750147968e-17
-3.082745970359207e-17
-3.345787044313900e-17
-3.606739258949123e-17
-2.719882788752212e-18
-1.663895115105258e-17
-4.725579232373952e-18
-4.328655933694160e-17
-1.834369020921020e-17
-8.209873489359933e-18
-1.271638098331157e-17
0.000000000000000e+00
-4.074740146014431e-17
1.164222992677177e-18
-3.528235188003183e-17
7.566806422184199e-18
2.489230465675008e-18
-2.782887562202803e-17
5.419225012500503e-20
-3.583980588958542e-17
1.212009201024844e-18
-1.737585328444985e-18
-1.019316028986603e-17
1.804948596004591e-17
4.769781973726224e-18
-1.611854144762785e-17
-1.444729385973442e-18
1.798830622740797e-17
-6.371765850916099e-18
1.809516710072662e-17
4.023247079813775e-18
6.251027938259820e-18
3.337709223085443e-18
-6.458041630266088e-18
3.283432897776794e-18
4.292297026026201e-19
-4.383962782636308e-19
-1.975526374535436e-17
-9.269289826423053e-18
-1.205837369027642e-18
2.935911268676360e-18
-5.473774801147441e-18
1.534475160621546e-18
1.588633670911478e-19
-7.802356483148259e-18
1.656027204519748e-17
-3.878542531653901e-19
1.537747969161846e-18
-4.963462637221530e-18
-1.160299764956312e-18
1.609590009012147e-18
-1.570605875847636e-18
1.026891142059553e-17
-8.883805890111712e-18
-9.934652361560606e-19
-7.275104706858041e-18
-2.840675102697122e-18
4.065647015681786e-18
-6.855397616256285e-18
-1.965077760225385e-19
9.253230091006692e-18
8.273078386639796e-18
7.254632433984639e-18
3.393520492603608e-18
1.207906062045151e-17
-1.093813394667923e-19
2.804023612819114e-18
1.389648719526902e-17
1.265879914402090e-17
4.620673344392230e-18
-5.418870620835311e-18
1.437609960014148e-17
1.889930084638325e-17
1.011452235307644e-17
-4.052852268503424e-18
-4.831944837429737e-27
-6.513157784805559e-18
1.494537107758709e-17
-7.020363713002495e-18
-6.984713160979259e-18
2.684545482914926e-18
6.738248702558156e-18
1.282491180616942e-17
-4.453050671929342e-18
1.410733141688123e-17
-1.899029861074010e-18
3.155595698484221e-18
3.119105427696688e-18
1.000358043655396e-17
-8.445464304509114e-18
-2.302664288669260e-17
1.533483384825105e-19
-5.732341234867726e-18
1.103426767620519e-18
3.577411432973654e-18
-6.662526192248710e-19
-1.310931084592582e-18
4.614631057752663e-19
-5.255188939047767e-18
-3.282069656706338e-19
-1.361434567891220e-17
2.189712751269319e-18
-1.395966252172087e-17
-8.321396755735231e-19
9.265549152197344e-18
-1.890948920851437e-18
2.500999688871902e-18
1.079231211118028e-19
4.825244096346214e-19
-1.746795123129939e-17
-5.690139865854206e-18
-2.522876195454202e-18
3.599613890931429e-18
8.276665583359446e-18
-5.296830181419741e-18
3.678524061474773e-18
4.477369542114880e-18
6.576584607633641e-18
-6.054244926102052e-19
-8.019182380258669e-19
-3.374504105243311e-18
-5.167960736749001e-18
-2.201709722406095e-18
5.894854435579246e-18
1.113935606123184e-18
6.846362991078519e-18
1.264901156532754e-17
2.433349695847732e-17
4.321084304471590e-18
1.774819994638028e-17
1.895479389694353e-17
3.215331362920678e-17
8.421431573805336e-18
1.876550796593330e-17
1.462187029229149e-18
3.074720337138024e-17
6.735064755940249e-18
2.487877106670410e-17
2.487741268998616e-17
0.000000000000000e+00
2.112960884655047e-17
1.439304148234033e-17
-3.717674788314410e-17
3.088477542850473e-18
9.552165131484468e-19
7.995464197987684e-18
7.265266635317706e-18
9.037428387950857e-18
1.765170643780099e-17
-2.393023966773556e-18
4.628665470454906e-18
-1.141387150818316e-17
4.044922960237787e-18
1.016847571965276e-17
-1.523003990886521e-17
4.333007760520864e-18
1.089548537634675e-18
-5.894950951878317e-18
-1.065986162076581e-17
4.375402460494514e-18
-4.209828253448862e-18
6.414459977056683e-19
-1.499660121148634e-18
-2.472505277751810e-18
-1.878291227401213e-17
-1.382842376628443e-18
-3.086911713179873e-18
4.057227833767534e-18
-1.702617166310536e-18
-1.023172602151727e-17
-1.442856723990572e-17
2.125546463032013e-20
-1.223973350617540e-18
-4.626918048934330e-18
-8.707717120024398e-18
3.046661586459169e-18
6.638569123571255e-18
3.162051714360391e-18
-1.742131381286048e-17
-2.392616801915087e-18
-8.162969388201817e-18
5.166874868013035e-18
1.144154936659606e-17
3.552897183165167e-18
-4.808494948038776e-18
4.183865470613852e-18
-2.331586148008567e-18
2.867574765209047e-18
-7.546569547890441e-19
1.767279932798088e-18
3.505123241242744e-18
3.754896705566648e-18
1.737726500340186e-17
4.170222301023792e-18
1.243842613360309e-17
4.885393088809806e-18
4.987247121588208e-18
1.167172338067864e-17
-3.735464156409600e-18
-1.563209888346588e-18
-2.349806074100384e-18
1.906369823713357e-17
1.241395563769771e-17
-3.845987189113651e-26
-2.134317843193431e-17
4.028714291673830e-18
-1.812898598730420e-17
7.508184738583273e-19
-2.299525536783506e-17
5.564515134054057e-18
1.137687432813854e-17
-2.991089170251307e-18
-1.109011729488427e-17
-6.385000760063213e-18
-4.244902044967552e-18
-1.212414073752194e-17
-1.809397659101281e-18
3.463615606676119e-18
-5.585210071345130e-19
-3.695607649213453e-19
3.715569768435552e-18
-1.500989756585913e-18
-1.137435247178649e-17
-1.272572659583534e-18
9.695921206348832e-18
6.509775745444501e-18
-1.160484975813923e-18
-2.087907821449094e-18
-2.227821040873988e-19
6.504790251512191e-19
-2.457042387682020e-18
1.908944678246304e-18
-1.591670959895212e-17
4.159122451312937e-18
2.976841701865422e-18
-8.096014235393923e-19
-2.452936961292684e-18
-1.163182944004876e-17
-1.021129021579924e-17
2.425730703320460e-18
-7.321440216351322e-19
-1.160798979100973e-17
-1.240827571508533e-17
-6.858481263900911e-18
-2.258375218624785e-17
-1.925265472902703e-17
-2.272322882102415e-17
-3.118968820320303e-17
-3.910614795201852e-17
-2.656846641011008e-17
-3.357250086252353e-17
-6.341158088418882e-17
-7.301067627470714e-17
-8.079429170475210e-17
-8.802927887940491e-17
-8.936280169693896e-17
-1.051575740912524e-16
-1.066196238212155e-16
-1.266889065183029e-16
-1.443523116949924e-16
-1.834554771699245e-16
-1.814272065063762e-16
-1.635715904741429e-16
-2.228546095624639e-16
-1.841106201363417e-16
-1.869723534493510e-16
-1.817736200107497e-16
0.000000000000000e+00
3.420026055453238e-18
-2.471424673409086e-17
-2.474608624776437e-17
5.812825316770035e-17
5.222339626379174e-18
-3.652175384533436e-18
1.487844972310358e-17
-1.312435052276869e-17
-2.419419413620938e-17
-1.437837277094442e-17
2.322867096080207e-17
-5.894293920508743e-18
8.960177162305081e-18
5.497073252820008e-18
-5.638977566319256e-18
-2.505578297261662e-18
1.466411866303050e-17
8.729786309477013e-18
5.806628639691523e-18
4.824896858212852e-18
-3.231579620143775e-18
-5.801765582438668e-18
-8.043978507534629e-18
-2.876058266007693e-18
6.398902522261283e-18
1.429565017911100e-17
-1.015388537579084e-17
-8.147581143152135e-18
-8.091127847404936e-18
6.704789539771613e-18
-3.283184757252176e-18
-9.229837114668999e-21
2.378463276461937e-17
-6.820759202487715e-18
5.866544367698742e-18
1.536090069699315e-18
-1.394070690289386e-17
5.570733295863274e-18
-2.377983701187870e-18
-1.832705570141338e-18
7.061408176338817e-19
-4.231569209859815e-18
-1.352047246668250e-17
4.125651735194548e-19
-6.088415904069613e-18
1.565320539444289e-18
-5.014050289871859e-18
-1.560524704686317e-18
7.771951444022795e-18
5.610102722801192e-18
4.256887580660523e-18
-1.186075177423173e-19
-1.274144381077391e-17
5.545453286332552e-18
6.914170125901448e-19
-1.532905301703334e-18
-7.119491385199716e-18
-2.881374119105000e-18
5.580757080100423e-18
9.253245245243364e-18
2.612899532083533e-17
2.940516286307958e-17
1.966188626629098e-17
-1.698469901395793e-26
-8.921952461958782e-18
1.240011649963635e-17
-3.296476328582709e-18
-1.820007116960394e-19
3.437120955752870e-18
1.059069031788369e-17
2.390611964981673e-18
2.823331152217194e-19
4.822363892101476e-18
8.786904800730248e-20
-6.590403326909718e-18
-7.079155297051955e-18
-1.103706230615296e-17
-4.032118501392466e-18
4.443815008868959e-18
1.006008794190261e-18
7.994510436210936e-18
9.003092197769528e-18
-1.750454697428133e-18
2.415152860559604e-18
-1.578893542432488e-17
2.343283674685032e-19
3.482570545624727e-18
1.904089974324751e-18
-1.454302172998652e-18
-1.419563899745768e-17
-6.571660475714507e-18
-8.070447072856774e-18
8.966295892853100e-18
-6.234984466973877e-18
-4.717592845022365e-18
8.764298768264136e-20
4.306139810763610e-18
1.225982215314107e-17
1.009340653048333e-17
-3.503863892109615e-18
-6.155262361834983e-18
9.888611277906938e-18
8.504674029998847e-18
9.656567398350291e-19
6.355458896009635e-19
-5.719748959798664e-18
-9.593943881574037e-18
-2.649348406433257e-18
7.259571081288725e-18
-3.202949673286044e-18
7.720673642739108e-18
-6.445822578721649e-19
-3.289018794323487e-18
-9.619478850123836e-18
1.737877516420167e-17
2.965434064419149e-18
2.144813022874277e-18
2.442590917892778e-18
2.619925127350622e-17
1.583128251171968e-17
-8.879610707170369e-18
-3.342765434330987e-18
-5.134746697422213e-19
1.569305238287682e-17
1.024168971321268e-17
2.921183070159051e-17
-1.566130321015108e-17
0.000000000000000e+00
2.946647916869540e-18
6.642748551096476e-18
-7.793869746936323e-18
-1.642866467426161e-17
-7.479387003555278e-18
-5.352096490739233e-18
1.866291792606876e-18
1.967036151646360e-17
1.344675795565895e-18
-3.710571268446276e-18
-3.565038100481101e-18
5.218642570401282e-18
2.130377689399707e-18
-1.133639613952057e-17
1.821964592030848e-18
3.878650293338222e-18
3.408135437034738e-18
3.701735426562813e-18
-1.248395578751245e-17
2.174980593319531e-18
-4.279645851445890e-18
-5.628028385887263e-18
1.329203943444115e-18
-3.670855489610262e-18
-1.753946049408642e-18
-6.826403496008697e-19
-2.038717843764715e-18
7.953749736265974e-18
-5.630560119880496e-18
-8.382155296433785e-19
3.512430441598716e-18
3.131182053311012e-20
-4.056845802324878e-18
2.496311464056545e-18
4.883391526677600e-18
-1.039985999526155e-18
-4.050517431871688e-18
-8.138403882734160e-18
4.343045575415757e-18
3.404474272771682e-18
-3.291903677115173e-18
4.299895601704416e-18
1.264715679753826e-18
-2.679177401577235e-18
-4.411436598094828e-18
-1.768812223984928e-18
-1.014075955022631e-17
-1.552035866686199e-18
-4.061477991066414e-18
-8.660599708346340e-18
-6.420338212141177e-18
-3.404818183820726e-18
5.830484145112734e-19
-7.419663520226536e-19
-6.795944777904074e-18
7.162135273802884e-18
-8.707681787955333e-18
3.335603064224624e-17
-7.889819517417479e-19
-2.276612400355227e-18
1.080654111921978e-17
8.686749652975429e-18
8.520104479042406e-18
-3.661997503489966e-26
1.385310213205777e-17
4.912359726924902e-18
1.337017258785809e-17
-7.970103465616093e-18
-1.838208527757412e-17
-1.825006322792111e-17
-1.560672901558159e-17
5.677560377957102e-18
1.280794218204095e-17
8.414987505113884e-18
-1.629039572195634e-18
7.372114860480851e-18
-6.321203950434487e-20
6.555739432542732e-18
-1.640286360965741e-17
-2.018197168991246e-18
3.343539033648735e-18
-1.181554492556599e-17
1.596699457221613e-17
4.541367146703931e-18
-3.733438887181730e-18
-3.178632306729638e-18
-1.293532248183512e-17
-2.803114366780231e-18
1.254738139199896e-18
-1.201092719206598e-17
-1.172011254684305e-17
3.993478001988274e-18
3.309075380601541e-19
9.599706735548737e-20
-1.200528030574990e-17
-3.252606517456513e-19
7.382739168269007e-18
-1.546117473054849e-18
-5.629380967453132e-18
4.481368979606751e-18
4.136908914389477e-18
-1.026265118893310e-17
-1.096964135557364e-17
-1.373322751814972e-18
-8.728956865770790e-18
-1.062405191309494e-17
-1.893683325744969e-17
-9.251858538542971e-18
-1.720154509284086e-17
-1.048175037795621e-17
-3.126003326273465e-17
-1.966019939440381e-17
-3.547035169922055e-17
-3.896012744190880e-17
-3.339399160118609e-17
-4.597017211338539e-17
-4.568218091131945e-17
-4.727008534310499e-17
-6.882989729388339e-17
-8.847089727481716e-17
-6.919129801804575e-17
-7.264041617926578e-17
-9.193977953814032e-17
-8.789265611615822e-17
-8.673504442157787e-17
-9.064043099705117e-17
-9.989003078106708e-17
