2.767070666184926e-33
7.461446236962256e-34
1.475358383823608e-33
4.311705758322081e-33
6.326102062912789e-08
7.097717433139449e-33
2.073757052565339e-33
1.493599637156772e-33
9.847859880623481e-33
1.543288427999442e-33
3.166780847166477e-33
1.241708664267670e-32
6.341376691113255e-08
2.096082212068658e-33
1.188286939296380e-33
1.023548589494648e-33
1.016833996428557e-33
4.962415068614341e-34
3.983312115891505e-33
8.367145261282770e-33
6.372055249125533e-08
5.790874710432368e-33
1.516902728630591e-34
2.593594843951402e-33
5.849352111187375e-33
6.630685143815375e-33
2.222999193266943e-33
2.199503161958129e-32
6.418398444443089e-08
5.781012965272250e-33
8.565684161748866e-34
6.378526224410969e-33
3.885430078368479e-34
4.523329221769462e-34
5.923899898918483e-33
2.406714145351696e-32
6.480802653711345e-08
2.915330038269389e-32
1.130599345683382e-32
7.080451312487291e-32
1.188089476893925e-33
6.848597080379724e-32
8.372146060608173e-33
3.426224336676216e-33
6.559806456130475e-08
5.890054025199598e-33
1.628859111389463e-33
2.717803721852999e-33
7.384859438106685e-34
5.567797808105545e-34
2.014800860273452e-33
1.002914835579417e-32
6.656099609322109e-08
1.450284416048184e-32
6.448631029600560e-33
7.118408251851156e-32
1.136359381823911e-32
7.527481394798499e-32
8.450944311676536e-33
2.861391752405325e-32
6.770534707291045e-08
2.237963258973601e-32
1.311236315432302e-33
4.037189608532376e-33
4.216065953088606e-33
4.237569742520594e-34
1.515690766541192e-34
1.055591359002760e-33
6.904141836805372e-08
4.197629382236965e-34
5.873637803686068e-34
1.019133211760894e-34
8.041005689890717e-34
5.647847353819129e-34
8.077817625410136e-35
1.780255719077650e-34
7.058146638255216e-08
1.004119260186353e-33
1.254767889198453e-34
2.873394469003768e-34
1.437750657667592e-33
2.336141217087944e-34
7.458540698754303e-35
4.618253376994123e-34
7.233992282131887e-08
4.322418216769399e-34
5.051132533200016e-35
1.715801124011945e-34
4.857263412451333e-35
4.930584335764407e-34
1.044767044139119e-34
1.802130838149416e-34
7.433365999963299e-08
1.309286350081180e-34
9.195048175160137e-35
7.062321676490644e-35
5.878855834201709e-34
1.202746058714684e-34
1.324176661771381e-34
1.423026907197285e-34
7.658230962202600e-08
4.200142027270921e-34
2.175613334439559e-34
7.679069258917360e-34
8.161192524756201e-34
3.323694756241008e-34
1.323015167249170e-34
2.058833698906718e-33
7.910864485070525e-08
2.566934670392146e-34
4.557855093994708e-35
3.023055758804166e-34
1.851838778090538e-34
1.332620437775887e-34
1.524457630091414e-34
7.078839580950269e-34
8.193903782015508e-08
4.655790600286980e-34
5.000481577333291e-34
5.486380426732508e-35
1.359602383155187e-33
1.101637964817598e-33
7.366545771852378e-34
6.343385954147720e-33
8.510400766499402e-08
3.971841940897671e-33
2.642030232036650e-34
7.466057071580876e-33
7.661193990582242e-33
3.739069451588645e-33
1.341041282800503e-33
1.788642173285957e-34
8.863887777580683e-08
2.484448615450456e-33
1.334490446007866e-33
6.284945915045768e-33
1.362416471082395e-32
9.358252373745213e-33
5.758708108769581e-34
2.709284768091478e-34
9.258456559056695e-08
6.054461698758172e-34
5.194870895988137e-34
2.171718484847488e-33
2.940397353909626e-33
1.790815405351355e-33
3.143332600588850e-34
9.087703383677701e-35
9.698853405722687e-08
5.527044624198648e-34
6.955129990937270e-34
5.819890016149671e-33
2.573679372390015e-33
1.203773141760991e-32
6.982490626230541e-34
4.272464461762318e-33
1.019059413224067e-07
6.004718173407896e-33
8.286425068684679e-35
2.181449665995674e-33
1.380667909547711e-33
4.363781578777839e-34
2.614988723820945e-35
6.918243898786191e-34
1.074010347228144e-07
3.472225057031541e-35
1.199597187697499e-34
5.491575223174756e-34
3.402093534337312e-34
3.014951583528962e-34
4.007104560435245e-35
6.439749499285618e-34
1.135488474217351e-07
3.530551496548831e-34
1.056334831384853e-34
4.226164611210085e-34
4.819888636132166e-34
1.455877272523858e-34
3.792087064216377e-35
2.761886298236433e-34
1.204372719448623e-07
6.383933945935609e-34
1.264158955854798e-34
3.117407902266503e-34
4.400786241820168e-34
3.266890284711851e-34
2.074343252014158e-34
1.092534715558939e-33
1.281696056317650e-07
2.855352178212609e-35
6.704573880347714e-35
3.143037288760291e-34
2.760909354976744e-34
7.080479139524196e-35
2.136054814536953e-34
1.934712168485122e-34
1.368676902740308e-07
1.175708061179860e-33
4.766373657344609e-34
4.889116204284536e-34
3.132848205400550e-33
1.191776613517701e-33
8.916910516734748e-34
3.867186402849700e-33
1.466758042379592e-07
9.945578071991268e-34
3.298814019157398e-34
7.443139722890830e-34
8.505451660124071e-35
2.105861251022228e-35
1.515261958354784e-33
2.763782365744989e-33
1.577655133061226e-07
2.861259625535303e-33
4.216912240335725e-34
1.137994728074611e-33
9.771975827707069e-33
1.201606157898719e-32
1.065682218171993e-33
3.941571849607988e-32
1.703417507241897e-07
5.325675157118911e-32
5.575805563550911e-33
1.231863945736748e-31
1.965259080155489e-31
1.083245941252383e-31
5.570152035074723e-33
2.153663709888919e-32
1.846504837085418e-07
1.197229530767254e-32
1.298923773329531e-33
3.430355934724638e-33
6.910833143557108e-33
8.226951193456026e-33
7.186240192787370e-34
6.242171822919566e-33
2.009884417660436e-07
1.135599452483330e-32
4.432875814160596e-33
8.424203468362783e-32
1.702486640899204e-31
1.040498367992118e-31
4.593109279108591e-33
3.960406600162111e-32
2.197155443021196e-07
3.064694760124418e-32
1.065303177696302e-33
2.059142851052488e-33
2.770390894311539e-31
9.811525761868786e-33
1.115328322286655e-33
9.199262889406844e-33
2.412708894225184e-07
2.396224089896537e-32
1.096374273832591e-33
5.496367727750529e-33
7.058043631456772e-33
2.264625397742268e-34
1.715184441479755e-33
2.583571708916722e-33
2.661934795905823e-07
6.045335284166391e-33
1.884121844272011e-33
5.823511641678050e-34
2.629755878917178e-33
6.116778032364974e-34
9.541503375188719e-34
9.770597226844643e-34
2.951493025183068e-07
5.762312008255182e-33
1.539673664555693e-33
1.245423126623569e-33
5.909625085002616e-33
5.463968663965819e-34
1.994106869842352e-33
3.469784847405062e-33
3.289670172059022e-07
1.491233897250742e-33
2.000421559294021e-33
4.238253391665953e-35
5.320407288591016e-34
1.594587683563454e-34
7.436482727392644e-34
1.814395765062061e-33
3.686854056403406e-07
2.590895842391275e-33
1.180340549551486e-33
2.615392145478653e-34
2.302242978641354e-33
9.978903960421651e-34
9.417358202387618e-34
4.680146333523474e-33
4.156170794639653e-07
7.543341233115374e-34
9.825917720113069e-34
7.909025140660495e-34
4.582050417196871e-34
1.256520066786676e-34
7.785770213184435e-34
1.476327744011521e-33
4.714348943416682e-07
6.347999729506248e-34
1.256746058970424e-33
9.953393817480763e-35
5.568419002904252e-33
2.337031326548159e-33
5.583251010980830e-34
5.007773048564247e-33
5.382904651959946e-07
3.839545527150160e-33
8.911689831781159e-34
1.948190755767527e-33
8.981552930235824e-33
3.550779981296042e-34
7.019217469031976e-34
3.568526044785711e-33
6.189786429471721e-07
9.099593486748736e-33
2.260218054503512e-33
1.172013682469704e-32
1.226293873243799e-32
8.301001551138282e-33
6.718447130651164e-34
2.572194680298339e-33
7.171687067128543e-07
3.334442334674309e-34
1.304002526125637e-33
1.156444488512399e-33
9.832753662476004e-33
1.787317813592353e-33
1.083769499881877e-33
4.050542949050467e-33
8.377338405194581e-07
8.791066750468891e-33
5.369626872323660e-34
1.505016473107468e-32
3.022361770590020e-32
1.698962153972363e-32
2.129775557468012e-35
6.591632923644651e-33
9.872277399893300e-07
3.523403748075311e-33
2.017941873820750e-34
2.384051759199668e-33
1.637505863991479e-33
9.629170334486847e-34
7.031298438944635e-34
3.881174407116941e-34
1.174585336445374e-06
8.363098760142076e-34
9.547696473468700e-35
5.857374603346638e-34
1.179560949628542e-33
7.058479605742467e-34
3.309531054537463e-36
1.263374793992640e-33
1.412171451291588e-06
1.003080163971820e-34
2.903932370826805e-34
6.950572146512541e-34
4.735262255525345e-35
2.518951859784123e-34
3.309947039854524e-34
2.995932642813553e-34
1.717380935693117e-06
7.985320027320829e-34
1.330282323687102e-34
3.198537634192514e-34
3.424277587780652e-34
5.258134535753752e-34
7.280068507897602e-35
1.047502368292883e-33
2.115133151354497e-06
3.335024896970037e-34
2.957940879424280e-35
2.308227375246591e-34
9.113091492690883e-33
3.423774785335636e-36
2.587697719558206e-34
3.488421592128511e-34
2.641853921016073e-06
3.354733740995271e-34
4.046175576183374e-34
3.254591605311314e-34
5.016886296512659e-34
9.992771267333358e-34
1.413104959844971e-34
1.945196833860618e-33
3.352001943426085e-06
1.473325113552102e-33
3.186117019225452e-34
3.404747845737206e-34
1.837013521431315e-32
5.799257628743069e-34
2.008613433623411e-34
2.470923156681872e-34
4.329086792548161e-06
3.084095187698715e-35
2.339809737034175e-34
8.509239567234016e-34
1.614304805817654e-33
3.733561440520949e-33
1.323483682543677e-33
7.433574942887483e-33
5.704901633333720e-06
1.379182735220975e-32
9.975152647905113e-33
1.556674453831932e-32
2.192173609621017e-32
1.354189357864204e-32
7.609046271442317e-33
3.832248906018667e-33
7.694397316462814e-06
6.195851096685948e-34
3.872987437888867e-34
4.554776794440590e-34
3.592117644017415e-33
1.437547904580940e-33
8.941585437655668e-34
5.656554537876013e-34
1.066174711789684e-05
6.732025993982323e-33
8.721983860685941e-33
6.137015331610530e-33
1.633316033634804e-32
9.879311327706013e-33
1.177821310180998e-32
3.867027144384389e-33
1.525203484991084e-05
7.723325701336301e-34
8.835275810545896e-34
2.801311305526056e-33
8.993987412732687e-33
3.725620869225718e-33
1.732487056862760e-34
5.446554579607770e-33
2.266999713767755e-05
2.496549109384230e-33
7.461753913654609e-34
1.802704355618958e-33
4.723919993881196e-33
1.113568135533809e-33
4.983923869065411e-34
3.213679116365642e-34
3.531409741790151e-05
4.567168134584791e-34
1.345135057141399e-34
9.630555037470234e-35
1.685918431079115e-33
5.825131374624410e-34
1.426377267381936e-34
2.855066524154105e-33
5.835191943380474e-05
8.448300449436298e-34
5.304696801536167e-34
6.937564113362137e-34
1.846801923052633e-33
3.709400954767952e-34
4.138222157494328e-34
6.810530061430488e-34
1.040938128959871e-04
1.176943588756701e-34
2.425296024693751e-34
5.712792382982171e-35
1.285945892206100e-33
5.829142826479735e-34
2.568047087534780e-34
3.275874027221895e-33
2.060273361958061e-04
1.211183508475136e-33
6.705542090867678e-34
1.095039371036408e-33
4.608738620933013e-33
1.031973728851262e-34
7.401600331882317e-34
1.402254565279356e-33
4.737716094833308e-04
5.095707264519323e-35
1.314855925727576e-33
6.300488428228668e-34
1.127476758909642e-33
1.052831468397716e-33
2.424829491157008e-34
4.599115520150941e-33
1.382703589539654e-03
2.623012662514107e-33
1.016466613815506e-33
3.172778048657372e-33
1.329754126356221e-33
9.994507227939572e-34
8.511401351147979e-34
2.861238477316545e-33
6.333861309741575e-03
2.516674861704249e-33
2.930203727711845e-33
2.327135006710416e-33
9.052718093980677e-34
5.715658059000599e-33
4.893865620758305e-33
2.873251968820413e-32
1.115499255447645e-01
5.288342941966773e-32
3.517264813874208e-32
1.184969306798668e-31
8.201566406249994e-01
7.705157088430549e-32
2.557731718263205e-32
2.864146828915939e-32
3.096120844343434e-01
7.092864154301839e-33
1.048506273070156e-33
5.117383516479397e-34
9.536123373009239e-34
5.117383516479399e-34
1.048506273070156e-33
7.092864154301823e-33
3.096120844343439e-01
2.864146828915942e-32
2.557731718263205e-32
7.705157088430551e-32
8.201566406250003e-01
1.184969306798671e-31
3.517264813874211e-32
5.288342941966780e-32
1.115499255447645e-01
2.873251968820420e-32
4.893865620758312e-33
5.715658059000618e-33
9.052718093980786e-34
2.327135006710404e-33
2.930203727711850e-33
2.516674861704246e-33
6.333861309741584e-03
2.861238477316546e-33
8.511401351148004e-34
9.994507227939551e-34
3.737311741202158e-33
3.172778048657374e-33
1.016466613815507e-33
2.623012662514113e-33
1.382703589539654e-03
4.599115520150952e-33
2.424829491157023e-34
1.052831468397727e-33
1.127476758909656e-33
6.300488428228611e-34
1.314855925727576e-33
5.095707264519269e-35
4.737716094833312e-04
1.402254565279349e-33
7.401600331882326e-34
1.031973728851270e-34
1.361562972293541e-33
1.095039371036413e-33
6.705542090867669e-34
1.211183508475136e-33
2.060273361958062e-04
3.275874027221895e-33
2.568047087534784e-34
5.829142826479752e-34
1.285945892206100e-33
5.712792382982207e-35
2.425296024693762e-34
1.176943588756719e-34
1.040938128959871e-04
6.810530061430460e-34
4.138222157494343e-34
3.709400954767980e-34
5.898121715096094e-33
6.937564113362197e-34
5.304696801536137e-34
8.448300449436336e-34
5.835191943380506e-05
2.855066524154116e-33
1.426377267381937e-34
5.825131374624448e-34
1.685918431079123e-33
9.630555037470349e-35
1.345135057141398e-34
4.567168134584797e-34
3.531409741790079e-05
3.213679116365641e-34
4.983923869065417e-34
1.113568135533815e-33
8.346405590348470e-34
1.802704355618963e-33
7.461753913654607e-34
2.496549109384236e-33
2.266999713767766e-05
5.446554579607789e-33
1.732487056862760e-34
3.725620869225725e-33
8.993987412732715e-33
2.801311305526069e-33
8.835275810545910e-34
7.723325701336331e-34
1.525203484991089e-05
3.867027144384388e-33
1.177821310180998e-32
9.879311327706013e-33
1.530666526235894e-32
6.137015331610533e-33
8.721983860685936e-33
6.732025993982326e-33
1.066174711789680e-05
5.656554537876012e-34
8.941585437655675e-34
1.437547904580936e-33
3.592117644017417e-33
4.554776794440618e-34
3.872987437888872e-34
6.195851096685942e-34
7.694397316462863e-06
3.832248906018673e-33
7.609046271442320e-33
1.354189357864203e-32
1.860532570589103e-32
1.556674453831934e-32
9.975152647905115e-33
1.379182735220975e-32
5.704901633333750e-06
7.433574942887481e-33
1.323483682543675e-33
3.733561440520945e-33
1.614304805817656e-33
8.509239567234031e-34
2.339809737034176e-34
3.084095187698707e-35
4.329086792548191e-06
2.470923156681873e-34
2.008613433623408e-34
5.799257628743057e-34
1.891012946419557e-32
3.404747845737196e-34
3.186117019225451e-34
1.473325113552098e-33
3.352001943426098e-06
1.945196833860618e-33
1.413104959844974e-34
9.992771267333321e-34
5.016886296512657e-34
3.254591605311326e-34
4.046175576183374e-34
3.354733740995271e-34
2.641853921015818e-06
3.488421592128519e-34
2.587697719558210e-34
3.423774785335678e-36
3.585276993564486e-33
2.308227375246607e-34
2.957940879424290e-35
3.335024896970035e-34
2.115133151354519e-06
1.047502368292883e-33
7.280068507897604e-35
5.258134535753728e-34
3.424277587780640e-34
3.198537634192507e-34
1.330282323687105e-34
7.985320027320811e-34
1.717380935693139e-06
2.995932642813550e-34
3.309947039854516e-34
2.518951859784118e-34
6.900914023078284e-35
6.950572146512539e-34
2.903932370826792e-34
1.003080163971828e-34
1.412171451291559e-06
1.263374793992638e-33
3.309531054537431e-36
7.058479605742462e-34
1.179560949628542e-33
5.857374603346643e-34
9.547696473468717e-35
8.363098760142050e-34
1.174585336445391e-06
3.881174407116947e-34
7.031298438944649e-34
9.629170334486811e-34
1.613019902802153e-33
2.384051759199673e-33
2.017941873820746e-34
3.523403748075305e-33
9.872277399893412e-07
6.591632923644655e-33
2.129775557467999e-35
1.698962153972360e-32
3.022361770590019e-32
1.505016473107470e-32
5.369626872323655e-34
8.791066750468888e-33
8.377338405194163e-07
4.050542949050470e-33
1.083769499881875e-33
1.787317813592353e-33
1.064472183046443e-32
1.156444488512399e-33
1.304002526125636e-33
3.334442334674302e-34
7.171687067128411e-07
2.572194680298338e-33
6.718447130651158e-34
8.301001551138270e-33
1.226293873243800e-32
1.172013682469705e-32
2.260218054503511e-33
9.099593486748747e-33
6.189786429471547e-07
3.568526044785718e-33
7.019217469031982e-34
3.550779981296095e-34
1.414075192896202e-32
1.948190755767516e-33
8.911689831781171e-34
3.839545527150149e-33
5.382904651959931e-07
5.007773048564235e-33
5.583251010980824e-34
2.337031326548151e-33
5.568419002904244e-33
9.953393817480755e-35
1.256746058970423e-33
6.347999729506273e-34
4.714348943416726e-07
1.476327744011525e-33
7.785770213184406e-34
1.256520066786667e-34
5.818288824850704e-34
7.909025140660411e-34
9.825917720113103e-34
7.543341233115351e-34
4.156170794639565e-07
4.680146333523466e-33
9.417358202387615e-34
9.978903960421631e-34
2.302242978641360e-33
2.615392145478694e-34
1.180340549551485e-33
2.590895842391274e-33
3.686854056403449e-07
1.814395765062054e-33
7.436482727392624e-34
1.594587683563456e-34
4.825039839895501e-34
4.238253391665964e-35
2.000421559294022e-33
1.491233897250744e-33
3.289670172058965e-07
3.469784847405054e-33
1.994106869842352e-33
5.463968663965784e-34
5.909625085002611e-33
1.245423126623571e-33
1.539673664555691e-33
5.762312008255184e-33
2.951493025183311e-07
9.770597226844687e-34
9.541503375188769e-34
6.116778032364921e-34
2.288374188465681e-31
5.823511641678005e-34
1.884121844272006e-33
6.045335284166367e-33
2.661934795905852e-07
2.583571708916710e-33
1.715184441479751e-33
2.264625397742266e-34
7.058043631456772e-33
5.496367727750528e-33
1.096374273832592e-33
2.396224089896537e-32
2.412708894228484e-07
9.199262889406868e-33
1.115328322286658e-33
9.811525761868771e-33
3.627495521962085e-33
2.059142851052504e-33
1.065303177696295e-33
3.064694760124418e-32
2.197155443019064e-07
3.960406600162117e-32
4.593109279108586e-33
1.040498367992118e-31
1.702486640899206e-31
8.424203468362800e-32
4.432875814160600e-33
1.135599452483332e-32
2.009884417660018e-07
6.242171822919563e-33
7.186240192787355e-34
8.226951193456034e-33
6.927702741217241e-33
3.430355934724638e-33
1.298923773329532e-33
1.197229530767253e-32
1.846504837085151e-07
2.153663709888919e-32
5.570152035074724e-33
1.083245941252382e-31
1.965259080155489e-31
1.231863945736749e-31
5.575805563550914e-33
5.325675157118913e-32
1.703417507241869e-07
3.941571849607992e-32
1.065682218171994e-33
1.201606157898721e-32
1.088590095380178e-32
1.137994728074600e-33
4.216912240335702e-34
2.861259625535303e-33
1.577655133061155e-07
2.763782365744992e-33
1.515261958354781e-33
2.105861251022202e-35
8.505451660124074e-35
7.443139722890810e-34
3.298814019157392e-34
9.945578071991263e-34
1.466758042379572e-07
3.867186402849705e-33
8.916910516734759e-34
1.191776613517708e-33
5.658511547405186e-33
4.889116204284557e-34
4.766373657344629e-34
1.175708061179863e-33
1.368676902740373e-07
1.934712168485124e-34
2.136054814536946e-34
7.080479139524240e-35
2.760909354976742e-34
3.143037288760304e-34
6.704573880347712e-35
2.855352178212565e-35
1.281696056317411e-07
1.092534715558938e-33
2.074343252014156e-34
3.266890284711831e-34
1.075026302863947e-34
3.117407902266505e-34
1.264158955854804e-34
6.383933945935614e-34
1.204372719448544e-07
2.761886298236436e-34
3.792087064216396e-35
1.455877272523868e-34
4.819888636132199e-34
4.226164611210107e-34
1.056334831384857e-34
3.530551496548836e-34
1.135488474217331e-07
6.439749499285647e-34
4.007104560435292e-35
3.014951583528968e-34
3.118011398598926e-34
5.491575223174754e-34
1.199597187697511e-34
3.472225057031476e-35
1.074010347228085e-07
6.918243898786176e-34
2.614988723820924e-35
4.363781578777842e-34
1.380667909547709e-33
2.181449665995673e-33
8.286425068684655e-35
6.004718173407896e-33
1.019059413223974e-07
4.272464461762321e-33
6.982490626230534e-34
1.203773141760992e-32
2.807384641690143e-33
5.819890016149676e-33
6.955129990937276e-34
5.527044624198670e-34
9.698853405722201e-08
9.087703383677750e-35
3.143332600588847e-34
1.790815405351348e-33
2.940397353909626e-33
2.171718484847491e-33
5.194870895988141e-34
6.054461698758174e-34
9.258456559057296e-08
2.709284768091481e-34
5.758708108769581e-34
9.358252373745213e-33
1.763245130842189e-32
6.284945915045772e-33
1.334490446007868e-33
2.484448615450460e-33
8.863887777582955e-08
1.788642173285967e-34
1.341041282800504e-33
3.739069451588635e-33
7.661193990582233e-33
7.466057071580859e-33
2.642030232036650e-34
3.971841940897664e-33
8.510400766496694e-08
6.343385954147714e-33
7.366545771852387e-34
1.101637964817598e-33
9.698023627619774e-34
5.486380426732586e-35
5.000481577333290e-34
4.655790600286991e-34
8.193903782016041e-08
7.078839580950273e-34
1.524457630091410e-34
1.332620437775878e-34
1.851838778090533e-34
3.023055758804148e-34
4.557855093994724e-35
2.566934670392141e-34
7.910864485070768e-08
2.058833698906715e-33
1.323015167249177e-34
3.323694756241018e-34
6.987078356209036e-34
7.679069258917369e-34
2.175613334439553e-34
4.200142027270934e-34
7.658230962202576e-08
1.423026907197288e-34
1.324176661771381e-34
1.202746058714680e-34
5.878855834201727e-34
7.062321676490631e-35
9.195048175160137e-35
1.309286350081174e-34
7.433365999963961e-08
1.802130838149413e-34
1.044767044139115e-34
4.930584335764377e-34
4.094103539024104e-35
1.715801124011937e-34
5.051132533200008e-35
4.322418216769390e-34
7.233992282131922e-08
4.618253376994114e-34
7.458540698754280e-35
2.336141217087932e-34
1.437750657667587e-33
2.873394469003753e-34
1.254767889198450e-34
1.004119260186352e-33
7.058146638255054e-08
1.780255719077648e-34
8.077817625410105e-35
5.647847353819112e-34
1.601370555154687e-33
1.019133211760895e-34
5.873637803686050e-34
4.197629382236940e-34
6.904141836806010e-08
1.055591359002758e-33
1.515690766541194e-34
4.237569742520580e-34
4.216065953088599e-33
4.037189608532373e-33
1.311236315432301e-33
2.237963258973598e-32
6.770534707289510e-08
2.861391752405326e-32
8.450944311676536e-33
7.527481394798498e-32
2.069182309756305e-32
7.118408251851157e-32
6.448631029600560e-33
1.450284416048183e-32
6.656099609322243e-08
1.002914835579418e-32
2.014800860273450e-33
5.567797808105524e-34
7.384859438106703e-34
2.717803721853000e-33
1.628859111389463e-33
5.890054025199591e-33
6.559806456130876e-08
3.426224336676218e-33
8.372146060608166e-33
6.848597080379714e-32
1.077646301954333e-33
7.080451312487290e-32
1.130599345683380e-32
2.915330038269389e-32
6.480802653711167e-08
2.406714145351699e-32
5.923899898918476e-33
4.523329221769473e-34
3.885430078368397e-34
6.378526224410935e-33
8.565684161748838e-34
5.781012965272232e-33
6.418398444443792e-08
2.199503161958126e-32
2.222999193266941e-33
6.630685143815372e-33
6.861146316128065e-33
2.593594843951393e-33
1.516902728630595e-34
5.790874710432371e-33
6.372055249125884e-08
8.367145261282766e-33
3.983312115891498e-33
4.962415068614282e-34
1.016833996428566e-33
1.023548589494652e-33
1.188286939296378e-33
2.096082212068648e-33
6.341376691114652e-08
1.241708664267667e-32
3.166780847166475e-33
1.543288427999437e-33
3.254245199360209e-33
1.493599637156772e-33
2.073757052565340e-33
7.097717433139450e-33
6.326102062912789e-08
4.311705758322067e-33
1.475358383823608e-33
7.461446236962271e-34
