0.000000000000000e+00
0.000000000000000e+00
2.273736754432321e-13
-1.243102842884818e-14
2.273736754432321e-13
2.131281262585105e-14
2.273736754432321e-13
-1.778091562879458e-15
2.273736754432321e-13
-4.796163466380676e-14
2.273736754432321e-13
-2.131975151975657e-14
4.547473508864641e-13
-1.109876079929961e-14
-0.000000000000000e+00
2.492103745588604e-14
-2.273736754432321e-13
4.973799150320701e-14
1.136868377216160e-13
-1.482494682569618e-14
-1.136868377216160e-13
3.664082925958212e-14
-1.136868377216160e-13
-1.776183367052976e-14
0.000000000000000e+00
2.220446049250313e-14
-0.000000000000000e+00
-1.328798182599850e-15
0.000000000000000e+00
-4.330216740733306e-14
-5.684341886080801e-14
2.764802276012158e-14
-5.684341886080801e-14
-8.881784197001252e-15
-5.684341886080801e-14
5.943162628698157e-15
5.684341886080801e-14
-4.666406150377611e-15
-2.842170943040401e-14
-2.087392758643215e-14
-5.684341886080801e-14
8.881784197001252e-16
-2.842170943040401e-14
-4.444361545454195e-15
-2.842170943040401e-14
-2.397734788495143e-14
-1.421085471520200e-14
7.046446759421022e-15
0.000000000000000e+00
6.661338147750939e-16
-4.263256414560601e-14
1.051242426443561e-15
-8.526512829121202e-14
1.890848588814720e-15
-3.552713678800501e-14
1.288032180912456e-14
1.421085471520200e-14
1.756927936469310e-14
-3.197442310920451e-14
-2.208996874309028e-14
-2.842170943040401e-14
-3.563468964351557e-14
-5.684341886080801e-14
1.207367539280181e-14
-6.572520305780927e-14
5.551115123125783e-17
-4.174438572590589e-14
-6.796646578875515e-15
-2.264854970235319e-14
-1.984870601212663e-14
2.753353101070388e-14
-9.424752644985224e-15
-2.486899575160351e-14
1.292022044907526e-14
-1.776356839400250e-15
-2.732189474663633e-14
-4.385380947269368e-14
-7.365635878997523e-15
-5.273559366969494e-14
2.687086664288397e-14
-3.780309398848658e-14
6.614500613899565e-15
-2.906008766956347e-14
-3.711614349199815e-14
-3.431976924872515e-14
-1.161917784209265e-14
-1.362798762727380e-14
-3.438482137907751e-14
3.955169525227120e-15
1.827270973420170e-14
3.951700078275167e-15
-4.531813292685422e-14
3.895495037653518e-14
-1.839760982447203e-14
-6.824402154492759e-15
1.954220205796821e-14
-3.785166624581393e-15
-3.939936484703699e-15
9.712716741994143e-15
-1.005280385844692e-14
2.639468504872511e-14
-4.771912574287607e-15
-2.651893461769195e-14
-6.501831001761553e-14
-1.159966220298791e-14
-5.312194233759657e-15
-1.912407949014594e-14
-7.167191306050507e-15
4.513533644057155e-15
-1.906222575620564e-14
-1.544185786184205e-14
-6.120785437735445e-14
2.080948531980181e-14
-1.935705060833231e-14
-7.645206895941919e-14
5.338723263316176e-14
-2.534322578184867e-14
-4.655812732822775e-14
4.158667157925892e-14
-4.500385225732632e-14
1.157534134597340e-14
6.593080762673082e-14
-4.108912273197585e-14
-5.385144436467965e-14
9.849102175512768e-16
-2.638634546342019e-14
1.213195824759149e-14
-3.171821053893891e-14
-6.618977214789540e-14
-1.985233470127266e-23
3.857936837089588e-14
-4.133588803048122e-14
3.371878691861692e-14
-3.852183817766850e-14
2.246579762574486e-14
-6.912297399326113e-14
5.246608671177103e-15
1.450308097612562e-14
4.039306075501498e-14
5.784468284252519e-14
9.699429264185851e-15
1.893499355220736e-14
-6.104495397660126e-14
-4.365302783301146e-14
-5.958632283551759e-14
-1.188111642544051e-14
-3.953804014288015e-14
-5.474880937780684e-14
-4.326728988628533e-14
-5.831804531734447e-15
-9.275682232031679e-15
-6.494801374308333e-15
-5.582514210682268e-14
-1.138765805184058e-14
-2.439883233431555e-14
-2.349888064307482e-14
-2.543732531124691e-14
5.451565307592398e-15
1.166501577365455e-14
2.845427765595329e-14
-2.686889433834537e-14
-1.356833664988276e-15
7.147103420621819e-15
-3.450323150966810e-15
-2.734966927674630e-14
2.666667512939128e-14
-4.339522453884082e-14
-3.640469970136458e-14
-1.911086540046102e-14
-1.145515758323560e-14
-4.295927348506282e-14
-5.651264748754784e-15
-2.210313043997060e-14
-1.444550351004629e-14
-2.731738063951650e-14
-1.923562990486317e-14
-6.959633622908887e-14
1.692959466712276e-15
-4.743825234501561e-14
8.822097487475412e-15
-1.102817992120560e-14
-3.177200956991363e-14
9.196777159604283e-15
-1.346847374264966e-14
3.059026119274710e-14
-1.107532238068030e-14
-7.193221950285074e-14
-1.186081017014081e-14
9.386750209259177e-15
-1.208508982421798e-14
2.568138718017966e-14
-1.670363585767909e-14
-3.188269244978194e-14
-1.657924935260164e-16
-2.535830209236552e-14
9.637676942493677e-15
1.746051405957847e-14
-2.246373773491817e-14
-2.979626376145821e-14
9.463381842002314e-16
-1.615897396804164e-14
-2.085481267201265e-14
-4.252505418315967e-14
-5.953525479888900e-15
-3.315293475480939e-14
-8.458289788720149e-16
-9.389666405283672e-15
-1.994302153438637e-14
-5.834548569924460e-14
-3.553326067028443e-15
-1.967397176196568e-14
-3.458968213940130e-15
-1.306372443970058e-14
-7.446435087664459e-16
2.979943742299448e-15
-5.035437301210180e-15
-9.639214226894919e-15
-1.557443115785841e-14
-1.086535420526585e-14
-1.276221610463841e-14
-1.127621323624226e-15
-1.553368132348961e-14
3.418409454677437e-14
-4.124328440427206e-14
-2.443192069136807e-14
9.414130187995514e-15
-1.108604109775944e-14
2.308194597748535e-14
-5.318246114562704e-14
3.134877872661032e-14
-1.524224828654349e-14
6.678704259531713e-15
-9.266622764861280e-15
8.653928463858321e-15
-1.836370216257526e-14
2.568908927292190e-14
-3.927622813842331e-14
2.073692167021197e-14
1.112495731550155e-14
-3.037861098997503e-14
-1.469864307208648e-14
4.084134924193537e-14
-5.976139792610022e-14
5.727593983016048e-14
-8.529942616282954e-14
1.541249412461369e-14
-1.071569275086010e-13
5.949715102141929e-14
-1.010609733432048e-13
4.004033957904763e-14
-1.470060926376277e-13
1.045817607704959e-14
-1.476188251174108e-13
-2.936704463728355e-14
-2.625328583587431e-14
1.188252935376658e-13
0.000000000000000e+00
0.000000000000000e+00
1.026606921884224e-15
-3.596170150456620e-14
-1.777619560509373e-14
-4.170927700932433e-14
-3.530657354997632e-14
1.827698988603779e-14
-7.555424273559881e-14
6.840627001134471e-14
1.216121117877053e-15
-3.009970135531715e-14
-3.251229319805896e-14
-2.285126213685824e-14
-1.184200392896708e-13
-3.269581567377464e-14
-1.802533264931124e-14
-9.678555943013832e-14
-4.546912686747783e-14
-3.149183200796409e-14
-4.748969305476931e-14
-5.758941723762766e-15
1.697255734173586e-15
3.381425815567831e-14
-5.658484175460273e-14
-2.036340317586343e-14
-1.079483748133681e-13
-6.256820772290765e-14
-4.780635234906733e-14
-4.148964260624343e-16
-6.272337712340317e-14
-3.596341081234199e-14
-1.841311576772085e-14
-1.068680692914218e-14
-4.201165807645287e-14
-1.921381760512660e-14
-6.217386694648578e-14
1.062971988895797e-15
-1.918333386781694e-14
1.182199505825374e-15
-4.566385493102613e-14
3.707601175596744e-14
-4.389222348813040e-14
3.508504660419909e-14
-9.166728054488834e-16
1.516552375200220e-14
-3.865056160315058e-14
-2.788581214527781e-14
-3.774445287709155e-14
-1.690534245069487e-15
-3.753506960805760e-14
-1.461603183341971e-14
-1.790705587216228e-14
-1.413670079129763e-14
-1.295805410867400e-14
1.162098365307160e-14
-5.071003862190470e-14
-1.024309919046519e-14
1.665811899398427e-14
-9.197725246609325e-14
-9.606598178765851e-15
-1.583460512427196e-14
-4.507383378532699e-15
-1.622491427057557e-14
2.797936125360895e-14
-1.670946831889298e-16
-4.095093738952589e-14
-3.371831685423222e-14
5.136264581555158e-15
-2.448827431082132e-14
3.913865905826895e-15
2.952226747906079e-14
7.891552694639977e-15
-2.673857877962938e-15
-3.483455527068660e-14
2.591196819937268e-14
1.785182724122222e-14
4.219236539474980e-14
9.547492784604361e-15
-3.668977195405140e-14
1.751108860456796e-14
-8.361450862146884e-15
2.553118302672202e-16
-3.229806811427233e-14
2.510916189872731e-14
-6.646945069916399e-15
4.161292632652059e-15
2.597563078682334e-14
-1.413245488862832e-14
-8.356645971634884e-15
4.513065374361619e-14
-1.242843800077941e-14
2.151283510140465e-14
-2.373615824586908e-14
3.840993994570313e-14
5.497747645466544e-15
4.411232191926569e-14
-2.419445837531045e-15
-1.853854576753785e-14
-2.973279064022291e-14
-1.046773145626406e-14
5.355823435083235e-15
-1.722170872921510e-15
2.888493646694570e-14
-1.517272875540304e-14
-1.208494143583655e-14
2.065955658185855e-14
6.085842524293344e-15
5.235863580088766e-14
2.397832872522341e-14
5.176749783780825e-14
1.630389578679787e-14
3.008629196538107e-14
2.878061359908434e-15
1.567715216326778e-14
-2.225830820036908e-14
-5.359437746203147e-15
5.320430557002468e-14
1.994845567648363e-14
2.240626840165801e-14
-9.874299111726419e-15
-9.435709871809419e-15
4.096300271979471e-14
-8.414358021703868e-14
1.020013396681328e-15
-4.948735572266703e-14
-9.035721324165966e-14
-3.813361307366141e-14
-2.727143199991385e-14
-7.687150109222183e-23
-5.907365467631615e-14
1.440124147046667e-14
-3.586664888643261e-15
-5.459721573074234e-15
2.324854219232872e-14
-5.769827779328146e-14
-1.193319792416268e-14
1.941429770396606e-14
7.736735051211940e-14
-1.323562477862542e-14
1.342629162918297e-14
-3.295766542640852e-14
-4.781274382643130e-14
-2.019240862376878e-14
-1.190978651436252e-14
-6.825901888586541e-15
2.024320477373037e-15
-1.352035944864060e-14
2.599597272014645e-14
-7.981192309924086e-15
-7.099484438222146e-15
-2.077548720908753e-14
1.088441718286845e-14
1.247729823109953e-14
6.669884602054515e-14
-1.036964478482910e-14
-4.678346824948179e-16
-4.888373586560891e-15
3.021801112647088e-15
-1.894752255658832e-14
1.604201089536650e-14
-5.453195124483510e-15
-2.234117576074857e-15
-2.770445305424276e-14
-3.095246552234829e-14
-8.978990059960288e-15
9.152572159390133e-15
-2.769024099012506e-14
-2.556542243136591e-14
1.169021037765436e-14
4.280593570019600e-14
2.303391759651137e-14
-2.382095211011738e-14
2.463500109827245e-14
-1.558767696391070e-14
-5.073486485206202e-15
6.622492069453943e-15
9.335148848623325e-15
-1.961263656987236e-14
-6.074787949909406e-15
3.788852251941043e-14
-4.112018838388984e-14
2.289071641941646e-14
1.940270842651656e-14
5.126056182661578e-15
2.715624527976366e-14
5.282902202594610e-14
-6.051795953580720e-15
-7.212085562747828e-15
-7.713686720762817e-15
5.178734468228719e-15
-8.634724298517683e-15
-5.481613714665120e-14
-1.271468595828140e-15
-3.489355377045095e-14
-4.051519007358555e-14
-1.319574396445448e-14
3.277470706845052e-15
-7.811793220480753e-15
-1.700803474809297e-14
3.335402163052951e-14
1.365841730464621e-14
3.176972138886474e-14
1.885866468885731e-15
1.570444486801696e-15
-3.589756912415700e-14
7.995889995338835e-15
-2.547407550550990e-14
2.946861474375339e-14
-2.549735205181623e-14
2.048236654705933e-14
-1.220881050533294e-14
5.534112171070760e-14
-1.315395457162522e-14
1.418486698359994e-13
-3.938099745439573e-14
7.943358129664789e-14
-4.570017479663072e-14
1.202711057901558e-13
-2.448800638588369e-14
1.461984044646970e-13
-7.052475384867522e-14
1.669272000792827e-13
-1.101425096914425e-13
1.052928611173820e-13
-4.552936769048180e-14
1.735786477136544e-13
-1.150153050608153e-13
2.185801162206245e-13
-9.754448166624009e-14
2.570570993336903e-13
-1.188254921741956e-13
3.322158423953549e-13
-1.167084875235996e-13
3.900467732629718e-13
-1.391979575944941e-13
4.039464106989073e-13
-2.165591256322697e-13
4.210761433407062e-13
-1.618637097164152e-13
3.597623361668924e-13
-1.958514161063778e-13
4.090347912607094e-13
-2.017401248881152e-13
4.761796489435839e-13
-2.289238826084504e-13
7.451281674739394e-13
-3.209057825550332e-13
5.757157485683313e-13
-2.175589039959274e-13
6.233223370549350e-13
-3.088013789221885e-13
6.609394072002691e-13
-3.205644312058041e-13
4.994202157760404e-13
-3.398941029251101e-13
0.000000000000000e+00
0.000000000000000e+00
-1.336668085797681e-13
-2.265179946454021e-14
-1.982017444945820e-15
8.497624615023177e-14
1.286924039390629e-13
8.518202422431930e-14
-4.383575350419246e-14
-1.759031080643564e-13
9.395538488466151e-14
1.496524096106673e-14
6.054918336796194e-15
-1.138803656993738e-14
1.177876182423307e-14
-2.140609229400387e-14
-1.175566082452762e-14
-8.085028774827107e-15
2.369593513826425e-14
6.151448891465954e-14
1.538856517060306e-15
7.062268650202915e-14
8.284949228739720e-15
-6.144522935018466e-14
-2.176674214407973e-14
7.991538707209965e-16
4.670344019542459e-14
-1.617229909843320e-14
-2.810526069810230e-14
1.542457067869624e-14
-3.729674326967029e-15
5.233775001646645e-14
2.966542557545847e-16
-8.003412606514885e-15
-1.029366370498835e-14
-2.022864298877427e-14
-1.167083383142376e-14
-8.687516290900983e-15
-3.573697314334102e-15
1.387445448048644e-14
1.629351228788752e-14
-2.875939457089859e-15
2.037283068661302e-14
3.393644999522436e-14
-1.553422888478250e-14
3.343072327600200e-14
-8.237025318727983e-15
3.995366574869528e-14
1.514957056764377e-14
-9.460606255668532e-15
6.753151132562563e-15
-8.458437588943398e-15
6.829200738343663e-15
1.043213885598628e-14
3.771266045316850e-14
2.351389153592015e-14
2.016786799846799e-14
6.920093208223802e-15
-1.739398202401393e-14
4.489967693119661e-14
-1.428062405483906e-14
-2.144817028153279e-14
-1.026880830971092e-14
-1.682687857867834e-14
3.566077055297051e-15
1.583873201210967e-16
-1.904250805736245e-14
1.049054975704627e-14
2.449945646387797e-14
2.283006819101078e-14
3.043956970995077e-14
4.808576181005072e-15
1.072904173912122e-15
-1.218960834254061e-15
-2.465069215209054e-14
2.953884906917337e-15
3.091906274270224e-14
1.397981443622419e-14
-6.377981523263877e-15
6.883791767416949e-16
6.478766659570392e-15
9.549637618054410e-15
3.871954447527668e-14
-8.295871091407306e-15
8.188682342940348e-15
-8.646885916864218e-15
7.722965515164712e-14
6.746789071968936e-15
3.138769414728366e-14
2.219089813621553e-14
1.643173979600168e-14
2.395965845809015e-14
4.913273940356899e-14
8.538367539990570e-15
1.330038095641111e-14
1.617503638819591e-16
1.883377485499879e-14
-1.175727491109584e-14
-1.384442183772729e-14
-1.364168482858240e-14
-7.313725260925044e-15
-8.853032297726212e-15
3.205521701175345e-14
2.873817762398016e-14
-1.283249904611405e-14
-3.487264538701134e-15
-2.400370114961315e-14
-2.311021151194137e-14
-2.904429890518259e-14
3.702068729975986e-14
-3.123568084073298e-14
-6.784939554122034e-15
-3.334443561599262e-14
6.081731440087688e-15
-2.964269512849281e-14
-1.238042726462686e-14
-1.498566674319364e-13
-4.355786063604383e-14
-1.590343312187366e-13
1.446297607798244e-14
-2.455067305956717e-13
1.952575407609108e-14
-2.360930244998403e-13
5.603073264788563e-14
-3.526599394489363e-13
1.726375798367708e-14
-5.036723221546111e-13
-1.407713887105558e-14
-4.430037787972077e-13
-3.461363879928756e-23
-6.885191628112793e-13
2.537453764523972e-14
-7.578588003809429e-13
-4.148414417206199e-14
-8.528547336284486e-13
3.603601428437335e-14
-1.012437669054979e-12
-1.781038835651021e-14
-1.137916072608080e-12
4.017529196413493e-14
-1.311720611920908e-12
5.172648928377780e-15
-1.397166368105784e-12
-4.468525970623027e-14
-1.504148906860810e-12
-3.286575300323086e-14
-1.663141503094148e-12
2.105562664838208e-14
-1.719624110473013e-12
1.895211984080626e-14
-1.776073409031564e-12
8.263132777831139e-15
-1.819366884429957e-12
4.039102697789578e-14
-1.788887207409790e-12
3.884839148912261e-14
-1.723425387478152e-12
7.459084928301992e-15
-1.597665011414870e-12
9.238025231152391e-15
-1.414661072167442e-12
-3.004995121400067e-15
-1.239432501904216e-12
-4.530645404785902e-14
-9.789834598517707e-13
-3.267830289885905e-15
-7.137088051265699e-13
1.773267879696544e-14
-4.271881667194933e-13
-1.822841928223110e-15
-1.261731637808031e-13
-1.575522519849125e-14
1.723792999031929e-13
-2.733477447203175e-14
5.054379881988937e-13
-3.921365965951258e-14
7.387448804054223e-13
7.361346012390433e-15
1.030337780206376e-12
-8.737042529672203e-15
1.255550762137810e-12
1.097717454366074e-14
1.539412917299933e-12
9.340052110297085e-15
1.621690319733717e-12
2.300977004417969e-15
1.698892347848685e-12
2.937435509357981e-15
1.774581067264057e-12
1.162979740022067e-14
1.832222725561822e-12
6.649198323003005e-15
1.811078769942503e-12
-3.882058516057784e-16
1.674763329028973e-12
-1.010509796875079e-14
1.659899798189529e-12
3.111842318128308e-14
1.539563606812467e-12
1.832052187678895e-14
1.486451240132128e-12
7.351704573806698e-15
1.304331414314488e-12
-3.991589659011742e-14
1.148138294440048e-12
-1.631177292840248e-14
1.064964735615973e-12
1.426458907939724e-14
8.422795094479875e-13
1.515538000700398e-14
7.431877552807839e-13
-1.821388947147939e-15
6.452454533408247e-13
-3.569892454761002e-14
5.857270715903065e-13
2.114146152380202e-14
4.050083190465989e-13
2.418307196225849e-15
3.235245440145574e-13
9.942686695073812e-15
2.605634174567757e-13
-4.593596609180223e-15
1.856840113088350e-13
3.165472393466288e-14
1.516889494125065e-13
-2.037150634734059e-14
8.867626085842227e-14
-6.003543271303455e-15
7.447374811488045e-14
-3.481279950694520e-14
2.400317799094357e-14
-2.531357508645951e-14
-1.922286777466539e-14
1.927799686600348e-14
-5.423383272673335e-14
-2.609741200542411e-14
-4.597147783530366e-14
-3.367880388780150e-15
-6.436462404976425e-14
-3.358890682959455e-16
-1.444086475560239e-13
-3.933460068884806e-14
-1.208681687428777e-13
-1.063683525837884e-14
-9.561300338454869e-15
-3.498449611421329e-15
-1.131253587759536e-13
7.870173523450758e-15
-1.401970476003823e-13
-8.102212167386126e-14
-1.474158118460627e-13
6.897624737673402e-15
-1.093543287496863e-13
1.572301469063939e-14
-7.800439016315592e-14
1.588650043712978e-15
0.000000000000000e+00
0.000000000000000e+00
-4.025803714907595e-14
-1.245610329009396e-13
3.352769069580047e-14
-4.850042749541547e-14
-1.524069539522806e-14
7.533520281531143e-14
8.421835393066233e-14
3.100206385278496e-14
-4.856814821730703e-14
-7.081102803108508e-14
-4.521200886416728e-14
-4.579025675219405e-15
5.141091268485384e-14
-4.624120750916921e-14
-1.166980387715784e-13
-3.379064343409229e-14
-2.000183985878497e-14
-9.891393358367530e-14
-4.870203867529488e-14
1.558986447504549e-15
-4.875022478046699e-14
-2.215907256998357e-14
-7.689156770188808e-15
-9.264705283145048e-15
-4.320870772447622e-14
-5.982079884393371e-14
-1.728770628388997e-14
-7.989048842563214e-15
-3.179256691484278e-14
-3.212652502254934e-15
-7.785227844468609e-14
-1.829608126877138e-14
-5.516286008025880e-15
-1.652971463013131e-14
-1.406120847736324e-14
4.859934564360037e-15
-3.106810455004434e-14
2.077066145782673e-14
-2.456288743273424e-14
-3.578317649041944e-15
-1.322473535481603e-14
-1.389562869863979e-14
-5.386938740270483e-15
-1.639961566334347e-14
-3.460583285175133e-14
8.009527659347188e-15
-1.494001965071897e-14
-1.219258712945133e-14
-8.310504087117478e-15
2.030719147301358e-14
-9.664855642095224e-16
-2.878223636304264e-14
-1.304397815740861e-14
1.501942612914188e-14
7.872358455596026e-16
-1.947873592178957e-14
8.099760497589426e-14
-2.640911953768585e-14
-3.137087613600712e-14
-1.367954339888831e-15
8.435655410049302e-15
-2.573699486457326e-14
-4.874352316913065e-14
-4.980252732910137e-16
1.829243962696017e-14
2.668710114319428e-15
3.836888620752848e-14
5.608870180587170e-14
4.446669088720864e-14
-5.888139302012041e-15
-7.937448601309320e-15
1.549262073650178e-15
1.489215320306273e-14
-5.858884112426469e-16
2.118902680403259e-14
-2.085920777752015e-14
1.380815417614206e-14
2.418207856704025e-14
3.877090347771814e-14
-1.166116128667173e-14
2.881934508170997e-14
6.978969832509947e-15
9.044727325568853e-15
1.699344627852961e-14
1.090777330165722e-14
4.901234179049494e-15
1.440397854912990e-14
7.425583389457724e-15
5.022915062658816e-14
-1.816096051668873e-14
-1.863144874299134e-14
-5.156699118054501e-15
-7.415242016491781e-15
5.005592031559534e-14
-9.398843803101758e-15
4.804420409949062e-15
-1.983410194959389e-14
-6.745047498243364e-15
-1.213902638089722e-14
-7.180248400649633e-15
-2.498067320716573e-14
-1.786376339892161e-14
-1.901896409559373e-14
-1.923745547884063e-14
-6.118360110494588e-16
-3.283181820048346e-14
-2.297110104722974e-14
1.334698182771011e-14
-1.926143589533964e-14
6.204053454174059e-15
2.806294118949623e-14
-5.157650753190061e-14
-4.780256694095074e-14
-7.567355295621775e-15
-1.289955730447980e-14
7.261994658441908e-16
-1.420136900845428e-14
-8.684517934941574e-15
8.124421479672074e-15
-1.835850572829546e-14
-1.481942281334718e-14
-4.618623053001526e-14
-7.863955542123239e-14
-1.617587268223119e-14
-8.703888464630055e-14
2.152930862291868e-14
2.018243932428450e-14
1.059473880072472e-23
2.055321845601266e-14
6.301025276420061e-15
-3.424479809401889e-14
-3.288551058911831e-14
4.433455272161106e-14
2.304326738292614e-14
1.224456708407490e-14
1.921971704060326e-14
2.930953780561372e-14
1.460975718067587e-14
2.264110808702840e-14
-2.079882363493484e-15
5.514526157295477e-14
-5.704683194897929e-14
8.444939832062466e-14
1.871319618725083e-14
6.685902223755520e-14
-4.435391590333405e-14
1.931620507349452e-14
-1.577525465423585e-14
2.449087886216147e-14
-3.221346835841775e-14
5.907795824965222e-15
-1.114236453730937e-14
2.137863886004494e-14
-9.234560240496069e-15
4.567028533380958e-14
2.416198944435071e-15
3.414696864757601e-14
-9.137697552482002e-15
3.944516747724463e-14
7.625964194215683e-15
5.722940502108215e-14
-3.285093480924119e-14
4.993724282654429e-14
6.514355145982871e-15
3.555089458072413e-14
-2.489611558462759e-14
5.419404252805044e-14
1.495779571323123e-16
5.376034155078796e-14
-6.500598925661292e-15
4.371163880515501e-14
2.884859032766003e-14
8.463543198884872e-14
-1.260831485282340e-14
7.999221493211055e-14
6.066475883978594e-15
1.137587815231491e-13
7.465683391226661e-16
6.431168735897878e-14
3.933514562600861e-14
7.332324653987618e-14
4.994200565380089e-15
5.413366040190351e-14
-4.026671092006938e-14
7.988506902121503e-14
7.307354947706627e-15
3.153560221148799e-14
5.499366231994228e-15
4.320891822275716e-14
-1.254178669246722e-14
-3.334831420813321e-14
-1.448402150228882e-18
7.332534163574490e-14
7.855115224449248e-15
5.450905527529931e-14
-3.618596214906264e-14
4.764812139706189e-14
6.530060632812247e-15
3.445883016266730e-14
-1.978963466081021e-14
7.202499139436689e-15
-9.887941806354723e-15
-5.209915098715138e-16
2.993476545468572e-14
5.172769681627860e-14
3.013348931663070e-15
7.087818952794731e-14
6.401713363160944e-15
2.031435182360590e-14
-8.198973013187760e-15
4.157327424217560e-14
-1.428912778962620e-15
5.058098896802599e-14
-1.499903844373261e-14
5.586159532654939e-14
-2.766599033110568e-14
4.967765025774523e-14
-4.366796983566734e-14
4.438454976913362e-14
-5.263380118565804e-14
7.842298465991416e-14
1.057658452782900e-15
8.738474019490363e-14
1.534675386196807e-15
1.545631723187127e-13
7.553527499208160e-14
4.614268242443282e-14
-2.888455420569530e-14
1.136416334826644e-13
-8.255626028076459e-14
1.207489323554623e-13
-7.847045675310772e-14
2.024541072170174e-13
-9.115356386578813e-14
1.473949856257588e-13
-8.914403777458715e-14
-3.573026896831813e-15
-9.984006288666549e-14
9.944602270015605e-14
-1.059165043719135e-13
-2.600005083321741e-14
-2.320147437982003e-13
1.122080682330888e-13
-2.743955939901584e-13
1.367311021893862e-13
-2.377222223460373e-13
1.243356158098058e-13
-1.299245019481525e-13
1.404844514556580e-13
-2.811490442694532e-13
2.431678535428977e-13
-2.510096960613291e-13
2.548112410267559e-13
-2.655735366824995e-13
0.000000000000000e+00
0.000000000000000e+00
2.450418594212657e-13
1.020903172672672e-13
4.440808499961885e-15
3.521995430192807e-15
2.248674580175487e-13
1.190420565649009e-13
1.243356158098058e-14
2.294004849545665e-14
1.492097946515335e-13
6.556999830741240e-15
1.274893826907412e-14
1.414524852458819e-13
2.327015171062883e-13
-6.239518381894469e-17
2.790014664573409e-15
1.172053110504074e-13
-2.843254314668737e-14
2.153950871064331e-15
-3.553716785729018e-14
-6.645607643064789e-15
-3.731461957181973e-14
-3.263198836099507e-14
-2.343260419898107e-14
-6.077709138746180e-14
4.437360517332530e-14
1.111134284191734e-14
7.880608028755850e-14
6.238780751886067e-14
-3.081965273710616e-15
-6.105801088526346e-14
-2.588823237534727e-14
-5.881279040939778e-14
-1.241758967165274e-14
-1.827760155179644e-14
-3.176410155377655e-14
-9.723194157783668e-16
-2.307755360083781e-14
1.339428969515730e-14
-3.458542808999593e-14
-6.768659950532412e-15
8.005617843724008e-15
3.770125303658114e-14
-2.328247620812567e-14
6.780767744588809e-14
1.242123625008581e-14
9.335258175072484e-15
-6.222467374692429e-15
-8.868110213846314e-15
2.390404911896584e-14
-1.875522227279014e-14
3.910638482023924e-14
1.828458957895152e-14
7.209728428018012e-15
1.249151623911486e-14
-3.546983575705919e-14
1.575025221483587e-14
-6.656358229229328e-15
2.851335770885719e-14
3.040943177717755e-14
4.591021832820795e-14
3.440587118450264e-14
7.205801445940666e-14
1.143392687134876e-14
5.111724584586347e-16
1.674287489547828e-15
-1.271709295372283e-14
-5.111405702526336e-14
-4.528283338650269e-15
-1.316773625214448e-14
-1.892850074569147e-15
-5.915947791664015e-14
4.071191552151934e-14
5.900726603186610e-15
7.870394197277291e-14
-8.153763195357358e-15
8.235777859024347e-16
-2.897979969373616e-14
4.074795584955025e-14
-3.425383728344654e-14
1.210033150885067e-14
3.817977890715890e-14
5.132897291987379e-15
-2.003799820562088e-14
3.453178748315038e-14
1.113860483146758e-14
1.530572717033296e-15
-3.687995437036119e-15
-8.509874254683520e-15
-3.129682097664415e-14
3.120987120674873e-14
-1.009669130175020e-14
-1.459648929374828e-14
-1.432980857684825e-14
5.247930991447220e-14
-1.214890086788215e-14
-2.941777636303610e-15
1.810948997868590e-14
6.180252036695546e-14
-3.707444135489140e-14
-1.660654019888778e-14
-1.370548703239543e-14
2.552945581944412e-16
-2.219364843720308e-14
1.715888608266831e-16
-3.754227358023260e-14
1.751382257378132e-15
3.083519416709127e-15
1.036403576112207e-14
-1.796921771584011e-14
-3.383627067313608e-14
-3.544761936496478e-14
-5.253928363410044e-14
-2.083453805062733e-14
2.376895373133718e-14
-1.313966236340488e-14
7.396861807786564e-15
-2.265969343020105e-14
1.704400041209991e-14
-4.342600042046918e-14
-6.267600846465713e-14
-6.317461636633325e-14
-5.202320106354073e-14
-8.897383185261886e-14
-2.246950272434416e-14
-5.899662334194390e-14
6.455304808497196e-15
-2.273795564557337e-14
1.608844739735708e-24
7.351163683687458e-15
4.565979107972239e-14
-1.992802676892472e-14
-9.100319035518045e-15
-2.829338340726377e-14
1.781775927399295e-14
1.044636323490348e-14
-3.322108002797318e-14
-5.761738325661637e-14
1.267860042862909e-14
-3.649896404107806e-15
1.028896458791592e-13
-4.780371350644657e-14
-2.338168892600917e-14
-5.473059769853500e-14
-1.801389260597729e-14
-1.199025494047155e-14
3.036293552765755e-14
-1.079011543008065e-14
2.639646775017378e-14
-2.369137983538559e-14
3.329816258231061e-14
4.249519798106694e-14
2.191698796039088e-14
-3.813778388702540e-14
-2.335640990162090e-14
2.051826050380110e-15
-1.010508630030201e-15
1.480828509540357e-14
1.290991403861972e-14
-1.337311747990492e-14
-9.104451299428273e-15
-3.230494521277278e-15
4.003910095730172e-15
-1.123359783104544e-14
-2.162311614668465e-14
-1.253056853129657e-14
1.290520079625324e-14
2.553537921479563e-14
-1.176808048096299e-14
1.177697802259805e-14
1.252689138176178e-14
2.173322333822289e-14
2.263075764463943e-14
4.667485779071559e-14
-4.401360663095054e-15
4.384570736061672e-14
-9.591583089537596e-15
-3.624961396562858e-15
-1.500816525978724e-14
5.201000396583353e-14
1.614071713207560e-14
4.235075418565254e-14
8.580294494409848e-15
3.461648351145295e-14
1.417447687916431e-14
2.424624963693496e-14
-1.723443197495574e-14
3.942231179857258e-14
2.901107994050966e-14
1.784193490212490e-15
3.264083228504188e-14
4.669920890872608e-14
-6.528397376981333e-16
6.544070391517130e-15
1.083075625164052e-14
2.162744303926301e-14
-1.973375818240074e-14
1.413856748951705e-14
2.588905763868496e-15
2.113635199171038e-14
-3.810487864930176e-14
1.430153300910289e-14
-1.525104877820123e-14
9.749421011487618e-15
1.737296108349001e-14
4.974784776716830e-14
-1.644443218050026e-15
3.907409307906497e-14
-1.188423972169591e-15
3.213582454010048e-15
-1.464416630904100e-14
1.406849034404417e-14
1.646803093484698e-14
1.666850505729862e-14
3.154067717130370e-14
2.290936079121482e-14
2.014996253901969e-14
2.540734451645676e-14
-4.752035439185302e-14
7.999641033251142e-15
-5.327188998958769e-15
1.795907259702209e-14
-8.639196484338127e-15
-1.660611035980027e-14
-6.603933516939564e-15
-1.379933908187927e-14
-2.009359085089236e-14
3.955273909201010e-15
-2.898624106745026e-14
-6.029898554778826e-14
-4.102306328208393e-14
-3.382313494277308e-14
-4.016936548638536e-15
-4.009300933842715e-14
-5.474422958425669e-14
-4.099414768237598e-14
-9.936672068663738e-14
-2.320709398009270e-14
-6.677487047324309e-14
3.087847990153706e-14
-2.463735776332103e-14
4.746457133027703e-15
-1.938609964948588e-13
-9.923695224900908e-14
-8.406948625934763e-14
-6.169166830620401e-14
-9.893392506208917e-14
-3.943160165053576e-14
-2.774350218979529e-16
-1.846078548952204e-13
6.120699770471182e-15
-8.711343659115260e-14
-7.748994747575769e-14
-5.321546070827271e-14
-7.458723779109689e-14
0.000000000000000e+00
0.000000000000000e+00
-6.163702655023775e-14
3.017653579982672e-14
7.063289924883561e-14
2.598894245997388e-16
-1.395281171155664e-13
-3.917753248051669e-14
-8.281814813693176e-14
-7.734193383961470e-14
-9.745289158137304e-14
1.068971007684974e-14
-9.632873774510448e-14
-5.150371001117621e-14
-4.430551442574743e-14
-2.637210380184720e-14
-3.922505496750396e-14
-1.122325981650555e-13
-1.227097459127640e-15
-7.203300289467695e-14
-6.333527735698163e-14
-3.258980896322656e-14
-3.486703390451566e-14
-1.039726943793003e-13
-7.256425045461198e-14
-4.128114138859020e-14
-4.419436726969536e-14
-2.121247357883855e-14
-2.444551526598098e-14
-3.034979209865100e-14
3.201196377459859e-15
-9.573829396121615e-15
-3.502788772226509e-14
-2.923557811581339e-14
-9.368377829099486e-15
-2.207855325007783e-14
-1.624901583653927e-14
1.383981454260103e-14
-2.645966859029556e-14
-2.496647829701643e-14
-2.786411660835528e-14
-9.610510550930112e-15
-7.854679896045679e-15
-2.109659309274569e-14
-1.334722090801259e-14
-1.665215374267159e-14
1.023877549346848e-14
-2.952322210885581e-14
2.211932806774937e-14
-7.928521301064857e-15
6.227576250370514e-15
1.082921394409065e-14
-3.412066130461904e-14
1.705476380613086e-14
-4.390555916836209e-14
3.373272546728375e-14
-8.323374524111077e-16
1.435182009598048e-14
3.136506994023240e-14
-3.292091494674037e-14
1.093824884829423e-14
1.340113324302001e-15
5.072935698567240e-14
-2.165514696456313e-14
2.077193113729606e-14
-2.714544185224400e-16
-2.787526694572599e-15
2.430083672871300e-14
3.001560438834622e-15
2.440265235958233e-14
2.576308831628322e-14
4.295298734574758e-14
-1.160210285202260e-14
-1.091923681880662e-15
-1.205876642769886e-14
-4.013532349068057e-14
-4.842213391040958e-14
1.421830130091398e-14
5.334088295450315e-14
-1.658189392508527e-14
5.164107619078625e-14
8.692083662828331e-15
-5.268292082472408e-15
1.303613097220447e-14
-9.429218771235335e-15
-1.801428315890635e-14
-3.655707254674764e-14
-1.550121770534740e-14
-2.671746224152571e-15
1.538390730973627e-14
3.520222481413378e-14
2.257093778815201e-14
1.117430689614852e-14
2.362992029269520e-14
1.073500632738355e-16
2.180839168847532e-14
-5.401152714481911e-14
-7.244373430134995e-15
-5.486131100707357e-14
-5.860264377422576e-15
-1.337728324502134e-14
-1.734865285324949e-14
-2.495579181273808e-14
-8.319016566747219e-15
-4.695364377997217e-14
-1.771897608644212e-15
-2.997830833937176e-14
-3.560300248850904e-14
-5.277259338290000e-14
-1.980807978891227e-14
-3.111626167650761e-14
-2.786944039546914e-14
-2.840498919519843e-14
-3.984833068873420e-15
-3.540790051401404e-14
-8.925102112788204e-14
-6.600585511688117e-14
4.149267680759029e-14
-8.791786119011292e-15
-7.414077591536710e-14
-6.667592484010821e-14
-3.532571951302749e-14
-1.315684018381770e-14
-5.864184857404200e-14
-8.305036929838050e-15
-3.275914072847434e-14
-6.904195786649060e-14
-5.084797030416661e-14
-3.035538229950700e-14
6.295485521454559e-23
-7.229424799831412e-14
-3.577424109400004e-14
-3.543543855919828e-14
-3.533540381930220e-14
-4.995780867277815e-14
1.685374480205871e-14
4.133107665793329e-14
-1.955006246685897e-14
3.301948045604717e-15
-2.579972276233329e-14
-9.709315652012219e-14
4.012369408372945e-14
-1.862699742989657e-14
-5.003097015695301e-14
-2.692175027028260e-15
2.128276470164599e-14
-1.578847569840070e-14
-2.798672807100738e-14
-5.219595266867140e-14
-1.880324613368301e-14
2.620769801583222e-14
-1.617823922992571e-14
-8.393912797932814e-15
1.495269643655458e-15
5.419679969005940e-14
4.885943623365533e-14
2.217827581864715e-14
1.111437783011611e-14
3.917758944271580e-14
2.227465011118728e-14
2.693609835561069e-14
-8.498582968540585e-15
-2.437021764823393e-14
-3.256947977800986e-14
2.163646655048034e-14
1.100477616924378e-15
3.803386125773913e-14
6.485783837183989e-15
-8.390404198230524e-16
-4.024139719570397e-15
2.597722622191502e-14
-8.918313335326175e-15
-1.982256657586657e-15
2.334519197581216e-14
4.098935603767619e-14
-8.797760436782797e-15
5.537389838623031e-14
8.727174791083114e-15
3.407368691339773e-14
1.275628783073661e-14
-1.151862054434553e-14
5.271409886784397e-14
6.121084711986277e-14
8.615478270267614e-15
9.566327517681673e-16
3.477098957141950e-14
3.056465282352899e-14
2.195064181255115e-14
5.345825532284687e-14
-3.202145968759762e-14
5.346568113499124e-14
5.146881615476902e-14
2.437911331682748e-14
1.708407064511003e-15
1.369089290591847e-14
-7.097329473863902e-14
6.018887226549758e-15
2.284939309467151e-14
8.178868891583229e-14
-2.067027496882813e-14
7.715181765814738e-15
2.530813262764326e-15
3.426395667561899e-14
2.139806495807171e-14
4.545943413960996e-14
7.368714107958653e-15
8.135042342103441e-14
3.305389363364101e-14
1.296059439583929e-13
3.738677137904705e-14
1.260537921017346e-13
3.793617837137628e-14
9.506239932264972e-14
6.607265537297470e-14
2.072468722162722e-13
5.676272553214517e-14
1.577146405257143e-13
7.570400568870853e-14
2.468974846526036e-13
9.945696414299305e-14
2.735033215848358e-13
7.876033814439074e-14
3.538535501432649e-13
1.277322323042555e-13
3.882019341482966e-13
1.289072224767087e-13
4.894145633239295e-13
1.843244374889938e-13
5.413348493410869e-13
1.781419955808223e-13
6.521393850463695e-13
1.817844526436432e-13
6.151064692074203e-13
2.346375362803397e-13
7.500131541701229e-13
2.737243554131917e-13
9.114691765786910e-13
3.312886789529204e-13
1.059104653643784e-12
3.758331816277455e-13
1.028786013854306e-12
3.964408327872485e-13
1.307167733793240e-12
3.137134503403297e-13
1.299353336357572e-12
3.740347653136580e-13
1.357507015759820e-12
5.094224560894298e-13
1.316165519701713e-12
7.551729151798573e-13
1.595064451533156e-12
5.042045466090249e-13
1.656104962045374e-12
4.836159710244260e-13
1.411728435999840e-12
5.560616240326275e-13
0.000000000000000e+00
0.000000000000000e+00
1.384442481217886e-13
9.589459724171868e-14
1.443812294609437e-15
7.587162981129563e-14
1.957429523509205e-14
7.862101048875830e-14
4.949430806740678e-14
-9.004795598597618e-14
-5.509212795310730e-14
3.336108889854260e-14
-1.232060830846595e-14
-2.453506591040238e-14
4.282442395903037e-14
1.806461768752429e-13
-1.290179284050581e-13
-9.297926363361295e-14
-1.873365555602787e-14
1.418259262096596e-14
-2.266693876530038e-16
-7.461628322770035e-14
3.161623782967464e-14
-2.135006775669382e-14
-5.281959926580197e-14
-5.916746878997531e-14
1.431994254916320e-14
-3.785486574008445e-14
3.721539178443655e-14
-2.796107700233515e-15
1.170659708701357e-14
-2.869585832800847e-14
-1.030897780658489e-14
-1.916324001596462e-15
2.621137913037109e-14
-2.280462028061494e-14
-3.314731579779539e-17
-4.501828894709215e-14
3.999962350257713e-14
4.685647534680330e-14
2.766107345760418e-14
2.223438679245888e-14
2.392421516745195e-14
7.175791781732341e-14
3.069498360631766e-14
3.120409571132962e-14
5.685921190558555e-14
-1.449730465791669e-14
3.034324811463645e-14
2.246762579898533e-14
6.648770916363727e-14
-2.328493625023131e-14
3.012753698358838e-14
2.043144223404637e-14
2.863994798504638e-14
6.557957582549847e-14
4.422912728641359e-14
8.492639885226451e-15
3.515529907036725e-14
2.634196179139378e-14
4.377073776808510e-14
4.752365408289366e-14
9.965352751455209e-14
3.778543635753556e-14
-5.495589930976180e-15
-1.005619119107014e-16
4.592493792235092e-14
-2.115433415433841e-14
-4.038046500350844e-15
-1.513752661338395e-14
1.024590723595848e-14
1.986436576660270e-14
1.824850106908789e-14
2.830728657308541e-14
-2.115554724091332e-14
2.271212443274803e-14
1.396752099673802e-14
1.621368616928977e-14
2.708732188329778e-14
3.270350445830844e-14
9.647455306888247e-15
1.291900744391664e-14
2.561204327415108e-14
2.407874820332299e-14
2.584551669576815e-14
1.154269592499828e-14
3.917326151860548e-14
3.319531531647021e-14
1.938819035657632e-14
-9.024658093081912e-15
-1.130204271546139e-14
3.994509658507188e-15
3.760139044235089e-14
-2.054050562882933e-14
7.543257098825653e-15
3.985154159586699e-14
-3.980733681711639e-14
-1.773502046365045e-14
-4.071344830217843e-15
-2.259287532576481e-14
5.066149246376987e-14
-4.903383838543247e-14
-3.280892662998135e-14
-4.330471162452229e-14
1.882701074218670e-14
-1.339346339311318e-14
-2.212616259410078e-14
-4.713512840948809e-14
-4.693183259264755e-14
2.540194485479067e-14
3.002722186025265e-14
-3.025042347402097e-14
-3.997032254112121e-14
-3.948491624348093e-14
3.985124423341111e-14
-3.653347850433222e-14
-3.941761595418087e-14
-7.339357927498401e-14
-4.073469914632403e-14
-4.649991327884496e-14
-1.652991055863364e-14
-6.944201388882775e-14
-5.558389638508594e-14
-1.196957625193461e-13
1.099793117673345e-14
-7.591280432177200e-14
-4.280686280044485e-14
-1.076852811154907e-13
-1.465302628531514e-14
-4.935780923287150e-23
6.270315523112862e-14
2.308583365441297e-14
1.787986093010774e-14
5.710184420289679e-14
2.541333621646423e-14
-5.119522524066212e-14
2.295297206279883e-14
4.250905663821976e-15
2.915043215709108e-14
-4.467145547059598e-14
-6.671203017232925e-15
2.656758472701056e-14
3.501423125396968e-14
3.862577154946996e-14
-4.025069800152666e-14
7.570508250444316e-15
2.255260772944037e-14
3.256251646013475e-14
-3.213819122890155e-14
3.671222693908096e-14
-3.688621359244316e-14
-3.258413207283887e-15
5.920142332719923e-16
1.896302640627968e-16
-5.620676777569428e-15
-6.671146985601088e-15
2.438811196607239e-14
3.901571467742885e-14
2.793648524238172e-14
4.812655315451210e-14
-3.034693273971596e-14
-3.371874216635197e-15
2.504874865310999e-14
1.444975459014918e-15
-1.774725497864254e-14
4.027921968984433e-14
-5.926934614941232e-15
2.014221592288689e-14
-4.403564628694886e-14
1.086335652599646e-14
-4.199476890861270e-15
-1.832885752506805e-14
-4.820530728054675e-14
4.144446774841162e-14
5.057495436681471e-14
4.557482501996555e-14
-9.203809735275141e-15
3.845086781918578e-14
4.685807771682154e-14
1.543913155922335e-14
-2.614985956449523e-14
3.318239343581754e-14
6.028693584925053e-14
5.894842213033238e-14
3.734862227667006e-14
3.741663773328952e-14
5.653021743476979e-14
-7.346488317613780e-15
2.834277361339696e-14
2.660135905701164e-14
3.161848675397519e-14
3.848248473162912e-14
3.651221292828713e-14
-2.060792734940328e-15
-4.639300705216998e-15
1.897826858980298e-14
-2.938047201857688e-14
6.421804689076131e-15
1.771153667768285e-14
1.715484936302070e-14
-2.199138137393251e-14
4.130924495601077e-14
4.262058894472644e-14
9.283339572298434e-15
-3.203535906845918e-14
-1.276140373966731e-15
4.941637463925551e-14
2.866641433167449e-14
2.262544154300447e-14
-9.133076141551733e-15
3.192113916779007e-14
-9.660965515591749e-15
1.052615042262065e-14
-4.290454774886575e-16
6.848201077678577e-14
-1.758978050253034e-14
-4.989786580730214e-16
-3.994845879156981e-14
2.929979727212161e-15
-1.134691448098380e-14
1.015397354293052e-14
-1.398889115023728e-14
6.871903798503826e-15
-4.837270596098408e-15
-2.841737508966074e-14
-7.399432057131263e-14
-5.570693423024082e-14
-7.157460007388905e-14
-8.424475312759369e-14
-8.625872523240597e-14
-7.532678264001538e-14
-1.544283704028205e-13
-1.205495438835996e-13
-1.747921888342825e-13
-7.369597020994586e-14
-1.845119718558760e-13
-1.845416387398985e-13
-1.798414195565931e-13
-1.261850190409384e-13
-2.235823229522575e-13
-1.102476159330133e-13
-2.190854886296182e-13
-1.411514632910065e-13
-2.819810353766593e-13
-1.884088623420531e-13
-1.954688820361339e-13
-1.323361760753249e-13
-3.018090401991001e-13
-3.102972294189308e-13
-2.488809831973065e-13
-2.478945747439595e-14
-2.054526463426676e-13
-2.438571707628008e-13
-2.129543800526181e-13
-1.910338531033463e-13
-3.122039015113567e-13
0.000000000000000e+00
0.000000000000000e+00
2.363950964322111e-13
-4.338466327438846e-14
4.265933819853935e-14
-1.298323666426759e-14
-3.379563671729467e-14
-2.646205488668552e-14
-3.948934483412633e-14
-1.653200001306724e-13
6.739427881985360e-14
-2.387958347471923e-13
-6.923659021506743e-14
-2.782927761245474e-13
3.717089099427544e-14
-2.879044897914266e-13
2.663090671829926e-14
-1.882046608544365e-13
2.333621053636503e-14
-2.285064470513724e-13
2.265513948128000e-14
-1.102362508321873e-13
2.880657120604780e-14
-1.481718233206364e-13
-1.164316353349226e-14
-1.811388997978010e-13
5.270093457969483e-14
-1.040867053211196e-13
1.116460326528167e-14
-1.115592689633209e-13
5.649359339548379e-14
-1.410930837560216e-14
3.538251066330029e-14
-6.957820903839840e-14
5.914815734705398e-14
-7.580154228487795e-14
-4.165879622473744e-14
-7.814308945176423e-14
4.649277195737631e-14
-4.975729879225976e-14
-5.432615885170278e-14
-2.752533719057005e-14
5.702801605026513e-14
-4.687300993151941e-14
-6.075875524769821e-15
9.426413237795117e-15
6.309535133925549e-14
4.421235310551030e-14
7.175750251244409e-14
3.792425290325417e-14
1.365773284113628e-13
4.991291270854221e-14
8.636965431320622e-14
5.214898725136715e-14
7.477271454506281e-14
1.431017602882642e-14
3.825640686512038e-14
3.504068093136035e-14
7.378703037054743e-14
8.808242090302565e-14
2.644519712200930e-14
6.942509926348648e-14
6.632074431275847e-14
1.049602164056212e-13
5.008275684738986e-14
-1.847374150709138e-15
5.298583262840792e-14
1.895077230275277e-14
-1.792282725074824e-14
4.467039053341661e-14
3.266331812186440e-14
8.229374438244706e-15
-4.035131505804755e-14
2.980622279247263e-14
3.177758326963091e-14
2.222597979555268e-14
-4.144952803438075e-14
1.928053557721100e-14
4.354425409749671e-14
4.251329266347537e-14
1.785813451344698e-14
3.845951479857245e-14
1.132656920938410e-13
3.524955386822985e-14
1.269680462252328e-14
4.028886457371712e-14
1.383770888810201e-13
4.147103816787201e-14
8.241698045970318e-14
3.127807744895328e-14
2.372091087458205e-13
1.428995754703069e-14
4.877359572227311e-13
2.340775500584327e-14
1.134377524829941e-12
8.780251960097718e-15
2.658339636682037e-12
-4.656482918277984e-14
6.231966294141376e-12
-6.957250383331561e-14
1.452645518987546e-11
-1.156880635609960e-13
3.372394579522349e-11
-8.540272160795726e-14
7.712255472700143e-11
-8.959494050357666e-14
1.750191902095019e-10
-7.273527412310378e-14
3.925218093325835e-10
-4.702179823163221e-14
8.711314510733056e-10
5.094676695201455e-15
1.911890144350320e-09
-9.200263605999116e-14
4.151224439347461e-09
-1.058684384519735e-13
8.915722967991187e-09
-1.762584528909928e-13
1.894274404567735e-08
-8.649662245805717e-14
3.981191983193602e-08
-2.026821226988996e-13
8.277090340388503e-08
-2.583484505331865e-13
1.702282201327133e-07
-3.640458810949150e-13
3.463194441936394e-07
-3.678182730130146e-13
6.969684292440226e-07
6.021874859386041e-22
1.387522553881932e-06
1.920576765260361e-14
2.732485702880132e-06
-7.572745469625519e-14
5.323125419953642e-06
9.198920214563647e-16
1.025808744099687e-05
1.041753060482620e-13
1.955496387029216e-05
1.028009163702158e-13
3.687555348129927e-05
9.600851054120002e-14
6.878773240932810e-05
8.770943921919425e-14
1.269329437812707e-04
-4.306538442912580e-14
2.317013828294771e-04
-9.832463483811762e-15
4.183827913358506e-04
-4.683010113726164e-14
7.473256947532508e-04
9.653064954903204e-14
1.320495513102024e-03
8.443180711330787e-14
2.308101266102996e-03
1.211819747738518e-13
3.990834358593277e-03
9.983719851270473e-14
6.825955613732965e-03
1.693892422161035e-13
1.154925927786113e-02
2.274222477005594e-15
1.933017191931966e-02
2.552824488258493e-14
3.200429139224974e-02
-4.946563991747865e-15
5.241693579496391e-02
8.524821473731802e-14
8.492312296570310e-02
-6.515187694899893e-15
1.361040967927308e-01
1.341158087364553e-13
2.157780942791730e-01
9.589030958156997e-14
3.384031698398305e-01
1.863665471946195e-13
5.249916617606889e-01
1.503450142159579e-13
8.056776255047142e-01
2.252330266738783e-13
1.223097600822219e+00
2.619467143194498e-13
1.836757574753838e+00
2.854331354606966e-13
2.728559815312911e+00
1.410538352786261e-13
4.009646003091936e+00
2.487073047507932e-13
5.828670423999890e+00
2.160112366755840e-13
8.381541129957895e+00
2.027059076148451e-13
1.192255064050374e+01
8.992806499463768e-15
1.677665543703626e+01
9.906311881913316e-14
2.335245308157413e+01
1.878705524482882e-14
3.215515041047466e+01
1.381377651155059e-13
4.379852616549051e+01
5.551115123125783e-14
5.901458559133044e+01
1.779097702492278e-13
7.865931154396102e+01
1.345625000315209e-13
1.037126745825010e+02
3.100263101796262e-13
1.352709192485728e+02
2.888800310074657e-13
1.745291455507314e+02
3.977339291250120e-13
2.227524029264252e+02
3.990176244972332e-13
2.812339500867300e+02
6.239470745628107e-13
3.512400335397455e+02
4.796163466380676e-13
4.339415012154280e+02
6.932267260228981e-13
5.303337647522701e+02
6.925536533142207e-13
6.411479874176870e+02
1.005310418245034e-12
7.667577997043779e+02
5.293543381412746e-13
9.070871936395914e+02
8.218460634257257e-13
1.061526358926298e+03
8.111254723441874e-13
1.228862930884089e+03
1.140863445381332e-12
1.407236266067473e+03
8.464340339742193e-13
1.594121825803642e+03
1.245222674972622e-12
1.786351467154672e+03
1.155079504266965e-12
1.980173426490717e+03
1.799390497714274e-12
2.171353130281004e+03
1.660893644839234e-12
2.355312864637054e+03
2.189078779357702e-12
2.527305038765841e+03
1.915582276135197e-12
2.682610599729190e+03
2.460255957292820e-12
2.816751428914653e+03
2.081890215777094e-12
2.925703588102373e+03
2.494008471964902e-12
3.006097340280181e+03
2.226215739531412e-12
3.055390108816114e+03
2.627679324129776e-12
3.072000000000000e+03
0.000000000000000e+00
3.055390108816107e+03
3.055368458237966e-13
3.006097340280175e+03
-2.842517887735596e-14
2.925703588102367e+03
2.398064385955546e-13
2.816751428914647e+03
-2.184918912462308e-13
2.682610599729184e+03
2.131281262584944e-14
2.527305038765836e+03
-2.029452994545267e-13
2.355312864637049e+03
3.604755383083036e-15
2.171353130281000e+03
-4.263256414560601e-14
1.980173426490713e+03
9.175646353831885e-14
1.786351467154669e+03
-1.196785726076399e-13
1.594121825803638e+03
-3.550978955327755e-15
1.407236266067470e+03
-5.595524044110789e-14
1.228862930884087e+03
-1.008047811890139e-13
1.061526358926296e+03
-1.996215692745551e-13
9.070871936395890e+02
-2.210419347559135e-13
7.667577997043766e+02
4.796163466380676e-14
6.411479874176855e+02
2.725944470150116e-14
5.303337647522692e+02
-1.177183350797861e-14
4.339415012154268e+02
-3.863749598043466e-14
3.512400335397450e+02
-3.108624468950438e-14
2.812339500867292e+02
-1.394474813398732e-13
2.227524029264248e+02
-1.234533308913655e-13
1.745291455507307e+02
-2.363144402384133e-13
1.352709192485725e+02
-1.929567616798522e-13
1.037126745825005e+02
-2.343160387940896e-13
7.865931154396094e+01
-2.929843867516269e-13
5.901458559133010e+01
-3.095284445420209e-13
4.379852616549041e+01
-2.213507155346406e-13
3.215515041047433e+01
-2.681153910000250e-13
2.335245308157399e+01
-2.514620456306460e-13
1.677665543703596e+01
-2.061961712485040e-13
1.192255064050372e+01
5.551115123125783e-17
8.381541129957615e+00
-4.076947113240530e-14
5.828670423999855e+00
-4.638650574761982e-15
4.009646003091723e+00
-4.039997503202709e-14
2.728559815312908e+00
-2.665923037881157e-14
1.836757574753724e+00
-9.268627532144242e-14
1.223097600822207e+00
-6.620745618413082e-14
8.056776255045396e-01
-5.356479149120862e-14
5.249916617605896e-01
-9.362476072194426e-14
3.384031698396232e-01
-7.304573612642978e-14
2.157780942791899e-01
-1.111055691893625e-13
1.361040967925805e-01
-8.882391350218167e-14
8.492312296572070e-02
-5.331932811936113e-14
5.241693579480972e-02
-7.496282240782188e-14
3.200429139219099e-02
-7.259470802267742e-14
1.933017191913611e-02
-6.565874146463267e-14
1.154925927783459e-02
5.313832056666468e-14
6.825955613537304e-03
9.990806467720543e-14
3.990834358531150e-03
1.053625367291797e-13
2.308101265938794e-03
1.013822204898112e-13
1.320495513129589e-03
1.094140139005096e-13
7.473256946399643e-04
7.814062744570313e-14
4.183827913738781e-04
2.714190363347496e-14
2.317013827453058e-04
6.490827027340091e-15
1.269329438260203e-04
5.393901085906704e-14
6.878773232141204e-05
1.466387974148093e-13
3.687555347227561e-05
1.799122205110425e-13
1.955496379362977e-05
1.830934468208769e-13
1.025808750149529e-05
2.134058798233298e-13
5.323125379580331e-06
2.972363331329496e-13
2.732485745750777e-06
3.983012182347910e-13
1.387522402715484e-06
4.000455155814852e-13
6.969684292440214e-07
2.183756817139993e-22
3.463194999206920e-07
2.798109150984553e-14
1.702282988196069e-07
5.394094495292297e-14
8.277083146904843e-08
2.240247041098796e-14
3.981207820707891e-08
-7.273342191668083e-14
1.894271693790992e-08
-4.089239170027048e-14
8.915839794138943e-09
-4.548689962096212e-14
4.151077569768382e-09
4.328437645082057e-14
1.911902484157637e-09
1.653049409676176e-14
8.710212555904509e-10
2.372826037733353e-14
3.926208965676294e-10
2.338976552692713e-14
1.749127624875784e-10
-3.142457105361470e-14
7.711566667093284e-11
-9.035171711665059e-14
3.359616203676477e-11
-5.592396178815160e-14
1.448529316425623e-11
-7.888951298529188e-14
6.064513159486129e-12
-9.492208321058527e-14
2.650363951851205e-12
-7.940589019286580e-15
1.008168561673949e-12
-8.791448471198746e-15
4.707865303191108e-13
-1.490212410724576e-14
8.487368210980260e-14
-2.778793720537578e-14
6.643851767928708e-14
-1.632752050525837e-14
-1.424554466181741e-14
-4.150242452322196e-14
9.666342318532320e-15
-6.028256141298278e-14
-6.052841554122277e-14
-9.456739902729316e-14
2.048263349227192e-14
-7.196427585191787e-14
-3.060397276690117e-14
-1.063203435262684e-13
-1.732649127259165e-14
-5.649977543349688e-14
-9.730079032634216e-14
-1.163726411482927e-13
-1.752760528946902e-14
-7.363186472924390e-14
-5.136496342532301e-14
-1.207873246944293e-13
4.642097281902124e-16
-8.977741042160768e-14
-6.431825024985870e-14
-1.411824874256007e-13
4.982716859382747e-14
2.744473754621591e-15
-4.358699017501272e-14
-3.843551938450741e-14
1.483932855420900e-14
-2.413528467322742e-14
-5.453445281748628e-14
-3.254772308233149e-14
-2.481210151385517e-15
-1.265679532392503e-14
3.056978283585513e-14
1.503588440646883e-14
5.371572743072297e-14
-3.368157312032006e-14
-4.914754119738525e-15
-5.241387567090997e-14
4.742080047229710e-14
-1.669419726345907e-15
-2.333200804334170e-14
-5.081964739693377e-14
2.262379694339312e-14
-3.226725596717542e-14
-3.911735960973020e-14
-2.585739266852557e-14
-1.893814824328574e-14
4.061072991668874e-15
-3.080432515956819e-14
-3.311136845443474e-15
1.125853103310199e-14
2.911655391697854e-14
-2.375709718017597e-14
-1.988148245832129e-15
5.705985117493664e-14
1.051428958336344e-13
-1.160651114887276e-14
7.226211078647601e-14
1.581231938738710e-14
1.145449473881770e-13
1.817151431296763e-15
1.094991895477832e-13
8.786397960626158e-14
2.020922741778960e-13
7.918300991829978e-14
2.307916969242387e-13
7.376019518640680e-14
2.022367111960579e-13
2.741546403782766e-14
2.715779730732027e-13
1.463670923923520e-13
2.886537407339407e-13
4.740490701131935e-14
2.497659152678795e-13
1.265372778212693e-13
2.396102375952321e-13
7.084586589995293e-14
3.638538347069705e-13
6.175449574098479e-14
3.576047413620820e-13
2.903248563382324e-13
2.940172629077791e-13
1.423486592364074e-13
2.711705227284742e-13
1.145890939043757e-13
3.479908846960367e-13
0.000000000000000e+00
0.000000000000000e+00
1.821108293284072e-13
-4.469083426900332e-14
2.610392527832577e-14
-3.137599898377256e-14
-1.449517298760177e-13
-2.101102719187681e-14
-3.459814554837714e-14
1.478276009602434e-13
-2.212358313908129e-14
1.616280242260983e-13
-1.499840077961299e-13
2.789696850017253e-13
-3.703513848006439e-14
2.287850289803261e-13
-2.410212452561453e-14
1.428013354642716e-13
-1.888783927264552e-14
2.080418386227804e-13
2.484475293892397e-14
1.117895010577379e-13
-4.870600399158624e-15
6.581483041044186e-14
-3.558240149296588e-14
1.274098575100427e-13
-3.856288627799940e-14
8.404352913659562e-14
1.328369633109440e-14
9.343620551133330e-14
-4.300675278350447e-14
-2.219674311244292e-14
2.933767804787030e-14
7.144739962237674e-14
1.311502699730645e-14
4.100435680422109e-14
5.799392142819096e-15
4.993074570618907e-14
-5.082655122014780e-16
9.174347661579203e-16
1.081575510354114e-14
6.894341945128855e-14
6.484093024493472e-14
-2.728270921506585e-14
5.171781177913112e-14
-8.568546835732471e-15
3.406042723239941e-14
-3.447353829813491e-14
1.914966710971675e-14
-3.009640652175991e-14
2.919882847101786e-14
-2.791412140716624e-14
1.862433893362115e-14
-3.708816881198613e-14
1.184555528743282e-14
-5.296000931403004e-14
3.478181635620601e-15
-3.207580073625034e-14
-1.873147176630930e-14
-6.125768048634721e-14
1.730405787792968e-14
-1.948910569762502e-14
-1.945198765840427e-14
-7.430130607375588e-14
3.637831108214591e-14
1.110125709606263e-15
-2.025372994361162e-14
-8.595767141826831e-15
4.198544609348386e-14
-3.053207576866294e-15
1.438877836126181e-14
-3.873996905698848e-14
-2.117451182907169e-14
-2.308030631532891e-14
2.828363521902790e-14
-2.310869607275403e-14
-1.409533073679690e-15
1.751743004907402e-14
2.275701661296035e-15
-4.057683858902335e-14
-1.698678913695952e-14
-3.092916203222591e-14
-4.206246607439246e-15
-3.471409554284327e-14
-6.280022479343038e-15
8.020277204864112e-15
-3.136597746633022e-14
-1.712895126373318e-14
-2.840993935566592e-14
-4.021716661874375e-14
-1.841243265922997e-14
-2.680751948102938e-14
1.137208123054576e-14
-1.639485603673506e-14
-2.113013935157794e-14
-8.081034144393663e-14
-4.029315002028532e-14
1.770945026860074e-14
-1.829466591003126e-14
1.489359749072169e-15
6.776313975666849e-15
5.196855235773611e-14
-2.746870361891686e-14
2.024495020110498e-14
1.981787104054554e-15
6.439087583193046e-14
4.209438126269000e-14
4.897655631466571e-14
-3.911910888639926e-14
2.741339029215134e-14
-1.511796791878631e-14
-7.589892876238124e-15
-2.979009320664753e-14
2.662222558435306e-14
2.941120752082133e-14
9.516607613558226e-14
-4.846083158856318e-14
1.134873789808942e-13
-5.826323472400014e-14
4.588840605343583e-14
1.665761179421940e-14
6.973574803194595e-14
-2.096957362564917e-14
1.098040274990946e-13
3.861203051277104e-14
1.099888795271235e-13
-4.118012623328305e-15
1.212832584111302e-13
-1.465302652856129e-14
-2.120417624948119e-22
4.658647631893709e-14
-2.109560858755392e-14
1.397224517220017e-14
-4.117178334266377e-15
2.391318873106168e-14
3.625794972691565e-14
1.056765907365386e-13
1.451352529452559e-14
5.530438257716907e-14
5.150927539627124e-14
1.176970256586879e-14
-4.372087543944367e-14
1.647267870451591e-15
2.571562552479260e-15
-2.018155023612469e-14
8.783829648730494e-15
2.848079416474125e-14
3.762521973526844e-14
-6.436318594878094e-14
-3.085409631691502e-14
-2.457346624096110e-14
3.194043238841679e-14
3.961499703923322e-14
-6.008025042143132e-14
-2.476953917192708e-15
2.203415076654632e-15
2.094502864493925e-16
-2.991216507823921e-14
-3.008717147035502e-14
-4.037027764441861e-14
-4.485765699295922e-14
2.883722790234624e-15
-2.332136853503979e-15
2.144348216798410e-14
4.211543259508008e-16
1.516102712827212e-14
-2.238691446911370e-14
-8.543105196394874e-15
5.207369644010335e-15
6.535386935127053e-15
9.835143481016667e-15
5.600125077440905e-14
6.136773171263066e-15
-2.066884552725064e-14
9.446602983211468e-16
-4.540930531998547e-14
1.353369500236816e-14
-3.166004083108327e-14
-4.799291498487840e-14
-1.558666463226404e-14
-1.054167630324750e-14
-2.734506976676281e-14
-4.326680387645142e-14
-1.004270269365609e-13
6.586582058844742e-14
1.292170098749308e-14
1.415328527111250e-15
1.425318766226121e-15
2.235813646026591e-14
-5.446265883052032e-14
3.513240678483972e-14
-3.563091552676357e-14
-8.274136049098595e-15
-5.943448672870976e-15
1.080045175860389e-14
2.322553791997896e-14
-2.334713431849451e-14
2.347002625831986e-14
2.403315488819942e-14
-4.275900421381371e-14
-2.193494519705285e-14
-5.877506894008490e-15
-1.839561613257083e-14
-4.480743550728694e-14
7.957397862842168e-15
-4.770800344022771e-14
-3.069087797704787e-15
-5.096584292667037e-14
8.804788479695342e-16
-8.940796947124112e-14
-4.329938062134719e-14
-8.492778518928442e-14
-3.977543546716724e-14
-1.527446048122930e-13
-6.441601065189836e-14
-1.660609214919031e-13
-8.424540369596834e-14
-1.970899209630751e-13
-1.502716557483786e-13
-2.301563035677459e-13
-1.667452174032721e-13
-2.543689701410114e-13
-1.945982511459972e-13
-3.127891434108262e-13
-2.250325390849012e-13
-3.575356839116649e-13
-2.472358578252759e-13
-4.371994184595224e-13
-2.404994086666939e-13
-4.816697523861832e-13
-2.980590311025447e-13
-4.870954788513305e-13
-3.770635052912875e-13
-6.640833817466592e-13
-4.580094301782145e-13
-7.707289012743195e-13
-3.857966434336365e-13
-8.654287926700208e-13
-3.776963890533461e-13
-9.405691686231809e-13
-5.974554003927692e-13
-1.057432321594837e-12
-4.882638704439508e-13
-1.023898377100841e-12
-5.577538321684425e-13
-1.148282109942932e-12
-6.279618379063328e-13
-1.313160673594568e-12
-7.307723725448227e-13
-1.572518071147483e-12
-6.174003111464172e-13
-1.377736594810040e-12
-5.605091996074831e-13
-1.384583112443677e-12
-8.473173171809492e-13
-1.492721697747132e-12
0.000000000000000e+00
0.000000000000000e+00
1.027717414576404e-13
-9.794609474691853e-14
-1.570428721048621e-15
-8.493958778220809e-14
-6.651118709166861e-14
-8.068456929626130e-14
3.039080783603092e-14
3.764307881595003e-14
-1.046085103864204e-13
3.509274802675360e-14
1.169661318949662e-14
-2.567416736597597e-14
-4.283841377808689e-14
-2.047385153134831e-13
-6.441691965219502e-14
9.874973306877946e-14
-1.164221439889394e-13
-3.828885591166966e-15
-1.659551665618913e-15
3.840787304911890e-14
-1.113681750207166e-13
1.144375880918550e-14
-4.506736520343816e-14
3.739573537625166e-14
-5.378627442062005e-14
6.975453150315042e-15
4.226371448075516e-14
-3.772175627629974e-15
-4.330588453352221e-14
-3.783540871625893e-14
1.031016491839037e-14
-3.699408935503832e-15
-2.799968266732147e-14
-6.663968179051861e-15
-4.218967163597622e-15
-5.988577621432709e-15
-1.705617805266154e-14
-5.548319299013567e-14
-7.087594052806173e-15
-3.773324416259941e-14
-2.378934368162674e-14
-2.117384575246986e-14
2.358439524230796e-14
-1.837620789986821e-14
4.271189996181417e-15
-3.295560461755664e-14
4.895507181969566e-14
-2.637622904264429e-14
-4.846249536424522e-14
-4.588157438244648e-14
4.177390374775271e-15
-5.300556936980077e-14
-6.024324109689336e-14
-5.434107891429769e-14
-2.298515214857423e-14
-3.468126250423064e-14
6.221204649813857e-15
-6.635583063081389e-14
1.673206514437331e-14
1.951057278792788e-14
1.117385307159783e-14
-4.295805961623264e-14
1.849385499275197e-14
1.925732563308992e-16
-2.104490577320708e-14
3.408965117212184e-14
-1.019860939824663e-14
4.032101800218814e-15
4.470797616863816e-14
-2.321749105692365e-14
1.920203797983308e-15
2.986569458497980e-14
-2.508660975717399e-14
-1.285781276228457e-14
4.432957732698791e-14
2.476055879557454e-14
2.613986059737587e-14
1.994590445353248e-14
6.369973521737422e-14
-6.562071678810255e-15
-6.670205387410376e-15
-5.793404837799396e-14
-1.773634480109069e-15
3.754482682480179e-15
-1.823182989151562e-14
-4.694824527558645e-14
-9.343255470411270e-15
-3.636721341705744e-15
2.322129296518192e-14
-2.235899240552069e-14
1.984924476934366e-14
1.573351706389973e-14
-4.570646680475890e-14
-3.178364472328276e-14
8.492774263664217e-15
1.022582949617884e-14
-2.541596789778107e-14
1.432012178769018e-14
1.544617551093087e-14
2.476294754952624e-14
-2.036967628007308e-14
-3.943874166255578e-14
-6.659817356089899e-16
-1.475590519493480e-16
9.798520965770796e-15
5.192251752552733e-15
-3.762630526206090e-14
1.571479098419805e-14
-5.650095771990433e-14
1.510665611408244e-14
1.277204841138080e-14
6.222456055089666e-15
-4.852023458747757e-14
3.912594398112373e-15
-3.831692884611847e-14
9.543627751455664e-16
-5.630545549706066e-15
1.488756469464080e-14
-6.375685100212031e-14
3.012301654255056e-14
-6.212470857816994e-15
6.863270961215729e-14
-1.762803343840175e-15
6.438408035736080e-14
-7.478629351357923e-14
3.386877830834402e-14
-3.035538264197639e-14
-4.914001380884039e-23
-5.368266138323438e-14
2.974450012490199e-14
-4.680756277251884e-14
2.386317880018016e-14
-3.356072201060741e-14
-1.398615967043867e-14
7.598994528005374e-14
7.468518214994807e-15
-2.908597094975711e-14
2.836654944035550e-15
-6.049108206953101e-14
1.129070542534215e-14
-3.244715115436932e-14
2.015784852734301e-14
1.311473933285941e-15
4.189154310426299e-14
-5.037542200340446e-14
1.961280584041300e-14
-5.916821101498585e-14
3.575780889777569e-14
-2.568490715027659e-14
-4.366792088036822e-14
3.825549146345418e-15
7.374327438701612e-15
-1.867541411991383e-14
-4.134995670428167e-14
-8.085236384275320e-15
-4.171849975147500e-14
-1.634236112920830e-14
-6.739237510745779e-14
-4.182820695078738e-14
2.341672068063999e-15
-4.955527392902036e-14
-2.242316091182749e-14
8.212956605975856e-15
-4.438644749789421e-14
-2.342925043471022e-14
-3.157809260566042e-14
-1.945568298000042e-14
1.058329246685789e-14
-1.948666253688441e-14
-2.003420935439540e-14
2.277533725742314e-16
2.230542169577800e-14
3.151306610444950e-15
-1.156655185613738e-14
5.020017692712502e-14
-6.151030293729690e-15
1.379027841348605e-14
-1.268964395987666e-14
-1.373819633776181e-14
-3.065323037323181e-14
-4.445805821853808e-15
-4.731086988178532e-14
-2.304001989266215e-14
-2.043994815923080e-14
-1.462922040959205e-14
-2.903143367951603e-14
-2.235144452986342e-14
-2.243459472870038e-14
1.843119019136080e-14
-1.405180197033216e-14
2.035360306008144e-14
8.105563966322575e-16
3.871497316043997e-15
-3.590703895788508e-15
2.359965387289075e-14
-9.192669324108762e-15
2.308474101709840e-14
-4.465055623379971e-14
-1.033952306380128e-14
2.015340059161502e-14
3.302505750785917e-14
1.487046633647325e-14
-3.318337320204226e-14
-3.270052230120929e-15
1.880790107718030e-14
-6.789535086704087e-15
1.206499644087968e-14
2.109154033070230e-15
2.079046956731940e-14
6.494818110462602e-15
1.986614646946813e-15
9.211187725454383e-15
-1.205768002642920e-14
-1.193304125636918e-14
-2.089837348508902e-14
-3.136725791313767e-15
-2.487238684320657e-15
-1.441079494417343e-14
-4.817273912707527e-15
5.816419099095114e-15
5.424334226020494e-15
-2.118321364184783e-14
-2.235350267331122e-14
2.712731714485476e-14
-7.074910603720913e-14
4.678487139915872e-14
-2.274332994409584e-14
4.995878966279097e-14
-3.059872702062178e-14
1.588059002190214e-14
-5.595323687672911e-14
4.255829371285040e-14
-2.377451987372978e-14
6.003610865917120e-14
-4.439519473047929e-15
8.642187577632203e-14
-1.432374058087875e-14
1.234714695895374e-13
6.616620412384094e-14
1.330033362106313e-13
4.390525488711897e-15
2.141234734927064e-13
-1.276402052850427e-13
1.849442132366192e-13
-6.828286088980951e-14
1.513623507264129e-13
1.175783562900850e-14
7.408808757889844e-14
-6.840457750232751e-14
3.478601470888730e-14
-3.388004198960658e-16
1.118609943759637e-13
4.840690840025536e-14
1.423448494734618e-13
0.000000000000000e+00
0.000000000000000e+00
-8.194372266900648e-14
-5.446477506535494e-14
4.877080867217213e-14
1.281592930903870e-14
-1.572199932068932e-13
4.590915313829118e-14
-5.087921509591887e-14
1.074613275896191e-13
-8.964081220829859e-14
1.687306941912372e-14
-9.478849244344800e-14
6.661170524622383e-14
-5.257117540931046e-14
5.152764564835549e-14
-4.620671264679672e-14
1.147566675418778e-13
-1.939532726923258e-14
1.752520665803186e-14
-2.068569591877745e-14
6.289629834914647e-14
-3.234889495430997e-14
8.615578791981049e-14
3.964973399334423e-14
6.551033449861191e-14
-4.970843537580785e-14
4.877861898250672e-14
-3.042418170163036e-15
2.668611682487773e-14
-7.142792603213253e-15
6.369220488203363e-15
-2.765525811254478e-15
4.533391690349549e-14
1.543881513503416e-14
4.108255853418138e-14
2.324898407176102e-14
-7.933213744331360e-15
7.112965137015664e-15
2.701414132224982e-14
3.412728984333115e-14
6.942513090782389e-15
4.563780818174355e-14
7.744247559566762e-15
3.836918255266988e-14
1.816406120885768e-14
-2.115735500049224e-15
1.129077894947545e-14
2.363817397441792e-14
-4.447293055977558e-15
3.202932091575111e-14
1.876914858083460e-14
2.664668627956731e-14
1.806445183912060e-14
5.279597996066547e-14
-3.083248592918137e-14
3.724651688537274e-14
-1.183604579325187e-14
2.238898677638607e-14
1.114652451850342e-14
2.548444684699811e-14
-5.155327974782880e-14
-1.570519830385053e-14
-7.050900322647274e-14
4.693359618614347e-14
1.800684865330128e-16
-1.459657241140773e-14
-1.788702456385521e-15
3.157186864935941e-14
1.836519526998634e-14
2.285280565274750e-14
-3.222465394396347e-14
2.904376347010794e-14
4.872302742343736e-14
-1.885202891459080e-15
8.102287665841060e-15
3.070064186256045e-14
-1.012739231715593e-14
-3.406807913123143e-14
-2.529078256625321e-14
2.329825455261027e-14
-1.156233706512787e-14
9.264188154829736e-15
1.362223879975369e-15
7.609402298736256e-15
-2.954708300763725e-14
1.900169336272867e-14
-4.045562493141300e-14
1.914123008729581e-14
1.848916322762044e-14
1.936910140084862e-14
-3.603589710942237e-15
9.809504795135520e-15
-1.348326275627821e-14
-4.293738759046831e-14
-3.213237193669832e-14
-2.661588068224757e-14
8.080905489281573e-15
-4.118780248688993e-14
1.872238948490049e-14
-3.252813692360534e-15
2.826763142475673e-14
-2.114032821078258e-14
3.668089365018875e-15
4.703728522738400e-15
-2.587188151122071e-14
4.475746136125651e-15
5.366292236497136e-14
2.014695316703177e-14
5.597002019347284e-14
-1.301546912513430e-14
4.058198084688524e-15
-5.526527567452938e-14
5.978910171078901e-14
-6.290156491154137e-14
1.195566671808774e-14
-6.196954837716771e-14
3.701295426427762e-14
-4.574409049467820e-14
4.894267631189716e-15
-4.920712353647162e-14
5.209229849235440e-14
-7.760685685004722e-14
9.062304789828087e-14
-7.698948482871023e-14
2.506870938202725e-14
-4.422560567832955e-14
-2.115770656618453e-14
-2.273795567266129e-14
-1.561785266100576e-22
-6.820065970864849e-15
-5.148807590944390e-14
-2.262996246814519e-14
-3.802225932332095e-15
-4.835433434357121e-14
2.811277172930511e-14
3.159875019150114e-14
3.238509976766624e-14
-3.527212120572490e-14
7.237354457997981e-15
-1.892278930264432e-14
-8.437003569791021e-14
-4.754287659706788e-14
-4.311753812179363e-14
-5.640271442168338e-14
2.439317147398237e-15
-2.212671084955083e-14
-3.091632525422766e-14
-2.632134373014061e-14
2.014152411169254e-15
-5.898954146934673e-14
-4.423866158738011e-14
8.138260160018985e-15
-1.118342495455847e-14
-4.381338389398399e-14
3.821504711505927e-15
-2.166388083063554e-14
-1.203705665736538e-14
-5.631558335340221e-16
-7.649670999867211e-14
-7.286863679586586e-15
-1.043122283752694e-15
-2.748930574893576e-14
-6.866410722296310e-14
-2.486354970477552e-14
4.254061196623453e-16
-6.428138478985200e-14
-2.667894807964533e-14
-2.302646373639194e-16
1.088760015877012e-14
-3.194445911690364e-14
-1.798502293775457e-14
-1.362459483781327e-14
-4.920730504172384e-14
-2.088087479974911e-14
-7.116148180209014e-14
-3.247466947815385e-14
-3.610107441995435e-15
-5.119771408552155e-14
-5.995615002115981e-14
-2.212321242322282e-14
-5.026390352466249e-14
-2.191992049973143e-14
-7.503192618447415e-14
-3.503782437835082e-14
-5.474477694487067e-15
-2.925889909830789e-14
-3.058734399531861e-14
4.529183109257284e-14
-2.833526606975292e-14
1.541085747745111e-14
-8.053653613453789e-14
1.203203213533021e-14
-8.867300175498964e-16
-2.536370697193813e-14
-5.128129920210475e-15
-1.187649112969330e-14
-3.067360665340555e-15
-1.567369828785738e-14
-6.332143778934741e-14
-6.288053959307131e-14
-2.817200000299655e-14
-2.496606753343919e-14
-4.107823391784710e-14
2.894270094027552e-14
1.803380810302495e-14
3.353743147493342e-14
-2.689008285500138e-14
1.760840480627173e-16
-1.306305151091188e-14
2.231821232200011e-14
-3.654995377310672e-14
-1.315156481177159e-14
-4.785805062049042e-14
3.468413932318603e-14
-4.450544622923029e-14
-2.743988589614538e-14
-4.308432778098833e-15
-2.125594082734123e-14
-4.780746849954488e-14
1.245886909167440e-14
-5.439863728211096e-14
3.526385306170187e-14
-5.811618302460558e-14
2.630209752671239e-14
-5.837809424700482e-14
1.596708426371134e-14
-1.584619960376737e-13
-4.614268242443282e-14
-3.285078485736731e-14
4.520423895164414e-17
-8.708928732891774e-14
-7.062094633846303e-15
-8.317801563231507e-14
2.491956822621471e-14
-9.714720000454556e-14
-3.370814790414281e-14
-9.470195620943486e-14
-1.101138108247842e-13
-1.027825780013230e-13
-9.944602270015605e-14
-1.107990300349171e-13
-2.013736246100146e-13
-8.355479927046795e-15
-1.122080682330888e-13
-5.111485793603352e-14
-1.367311021893862e-13
-1.451697940185278e-14
-1.243356158098058e-13
-1.329763102830846e-13
-1.404844514556580e-13
-5.635181632269373e-14
-1.579417809966561e-14
-2.522073135931372e-14
-2.743756558352385e-14
-3.906472238073315e-14
0.000000000000000e+00
0.000000000000000e+00
2.097054914651984e-13
-1.251760172855633e-13
-4.440808499961885e-15
3.576493033504288e-15
2.298798928689154e-13
-1.083873849754578e-13
-1.243356158098058e-14
2.324522932894986e-14
7.816388079169858e-14
7.646915990553625e-15
-1.274893826907412e-14
-8.549030591087011e-14
2.220458337801758e-13
1.664785923840155e-16
-2.790014664573409e-15
-1.100998836928064e-13
-8.525429457492866e-14
3.723292265548322e-15
-7.814966986432585e-14
-5.337862128982994e-15
-7.637221814979630e-14
-3.131338841046845e-14
-9.025423352263495e-14
5.544802086926105e-14
-4.437360517332530e-14
1.465277022328696e-14
3.488075743405753e-14
-4.951615932711276e-14
3.081965273710616e-15
-4.438208673710414e-15
-3.095518648546074e-14
5.526007673059727e-14
1.241758967165274e-14
-1.957406469401426e-14
-2.507931730703146e-14
5.558835333343216e-14
-5.344155829566195e-15
1.235941502918792e-14
6.163718659591915e-15
1.920315782633417e-14
-8.005617843724008e-15
1.025344273331848e-14
9.071621492923669e-15
-1.983910388817742e-14
1.789618465116195e-15
1.008670586197031e-14
4.885503152029844e-14
1.318593646395249e-15
7.557193388744818e-14
-1.346753366825874e-15
4.615874347097278e-14
-6.068817022572860e-14
2.831740835998700e-14
-2.847525834677162e-14
2.481169472065768e-14
-3.704332397652917e-15
9.192148652044135e-14
9.019119417373779e-15
3.353941444123147e-14
-1.681543618912494e-14
2.954297503390637e-14
4.713907693429388e-15
-3.363838736385189e-14
4.880282637040061e-16
6.849180766676206e-14
-2.396883911623146e-14
6.798944699956574e-14
5.087315572284665e-14
5.491212197805036e-14
-1.191488265724078e-15
5.383040739843940e-14
4.723961761265192e-15
3.706490444980694e-14
-1.524775722154454e-14
2.835982224353521e-14
-3.564440877945790e-15
6.978049584871066e-14
4.944660507685316e-15
5.762403195180609e-14
-4.824901250603937e-15
8.549906603608354e-14
3.154609588406946e-14
6.883230013789651e-14
-2.729105169442318e-14
6.814519691457640e-14
-3.051925205471418e-15
6.660294646376296e-14
-2.234912165946790e-14
4.487276689963864e-14
-8.726553915485560e-15
6.640581533195736e-14
1.248966763217445e-14
3.418198403592683e-14
-2.105978147713931e-14
3.194036100530154e-14
-6.036718879412382e-16
5.688997846256437e-14
2.842592283957256e-14
-5.268857651095486e-15
2.541489680375746e-14
-5.954134120849730e-15
2.228623083720081e-14
3.625802743890229e-14
1.042489495327828e-14
1.081262427031809e-14
3.710687422602705e-14
1.375560399492361e-14
-3.360194748419860e-16
3.646965056384523e-14
8.613960538580319e-15
7.398582953145085e-14
4.269000866386644e-14
7.898312066980754e-15
3.888783097043220e-14
2.892006574173732e-14
1.419470851397293e-14
-7.972495859795876e-15
-1.664677054720608e-14
2.119896819398761e-14
4.416337797163463e-14
3.454105681058487e-15
5.805865220008935e-14
-3.898669306471002e-14
3.107181266865082e-14
-5.075889550229467e-14
-1.245036216884252e-14
2.018243913837790e-14
-1.484373454058415e-23
1.359378385666003e-14
-2.000842071492268e-14
-5.000942902216083e-14
4.591217995034756e-14
3.225505031708849e-14
-2.156655732634367e-14
-1.433922269380741e-14
-2.145703883052829e-14
-2.969434195382781e-15
8.246923723514654e-15
1.516731053332086e-14
2.069990001425866e-14
3.355306569706172e-14
3.939812906855247e-14
3.079379729731225e-14
-1.367977166416694e-14
-2.902827493482084e-14
4.333772211265913e-14
5.695855196623418e-15
-5.833819733219358e-15
1.778803890990858e-14
9.693989985743526e-15
-3.505385381207655e-14
9.581891873884227e-15
1.638801686824894e-14
3.073099910109378e-14
-1.402339314577038e-14
-2.594446634345200e-14
-1.551426752228469e-14
-7.073784694791968e-14
-1.925687191461436e-14
4.710860958182722e-16
-2.322476519440619e-14
-1.760975227351365e-14
-9.280720213577912e-15
3.389727030130235e-15
1.418759997882618e-14
1.098980792209507e-14
1.338666715686333e-14
-2.046728046258804e-15
1.749089333600331e-14
-4.027180291868412e-15
-5.800494134846478e-15
1.417614660941618e-15
-7.210346436688503e-15
-1.614394042075474e-14
5.078081466678992e-14
-1.008251798540187e-15
3.557205096938037e-15
-4.182326992561829e-14
1.400165281379603e-14
6.726797571899348e-15
4.013214046954299e-14
-4.288408326672652e-14
1.283606283932675e-14
-2.556333083361863e-15
3.471996494011004e-14
2.846376699555024e-14
-2.975684176939101e-14
-5.808995084855616e-15
1.318890451990107e-16
7.683071044214483e-15
-4.920130889207752e-14
3.315398280554582e-16
-1.117833474562388e-14
1.482314986397557e-15
1.666842107373733e-15
-5.366154618255174e-14
3.360111733424583e-14
-1.748010966790412e-14
1.355037932097557e-14
-7.750275672435309e-15
-5.700223290354806e-14
1.105801387294135e-14
9.473238643027085e-15
2.542591667208022e-14
-2.317254883493048e-14
-1.627186231732145e-14
-1.790741783722507e-14
1.130042591685050e-14
-4.778715399744495e-14
1.375447923337691e-14
-2.361007518395785e-14
2.020326791465055e-14
-2.899738269661107e-15
-1.859864041298551e-15
7.724654299961422e-15
-2.463492827215463e-15
-5.363395891096633e-14
-1.036647661130745e-14
-7.970927040818448e-16
-1.587597538329293e-14
-1.369947543214481e-14
-6.763652267231522e-15
-1.078900075369685e-13
1.810899282609945e-14
-3.822169610456574e-14
3.422010182010422e-15
-5.770317408627252e-14
2.103202710859321e-14
-1.148662541413430e-13
3.885776352868619e-14
-2.182704286337629e-14
7.475250265644234e-14
-7.991456525231590e-14
1.327437098333673e-14
-8.688768826875651e-15
5.452247023528023e-14
-7.833812396499271e-14
5.822912685141053e-14
-1.570960287413200e-13
9.877497946892323e-14
-1.233292634170358e-13
2.587063779472999e-14
-5.835250977007122e-16
5.764764047134711e-14
-1.009752780425229e-13
4.491838553791947e-15
-9.453889755964448e-14
9.445540875688011e-14
-7.019285712760200e-14
2.069011893024844e-14
-6.678145462840498e-14
7.642758471691499e-14
-3.220935258308367e-14
7.642341178363749e-14
0.000000000000000e+00
0.000000000000000e+00
-2.418069042672664e-14
6.491015837660306e-14
4.182949613527378e-14
4.421542343374949e-14
-2.900889571006374e-14
-1.142069694970187e-13
9.905578454626549e-14
9.487803011636655e-15
-3.812020888926291e-14
2.934425128392028e-15
-1.021982283723944e-13
2.456206601621816e-14
1.355195513752922e-14
2.231889910369600e-14
-7.476160227576610e-14
2.776298000778503e-14
-2.269479707820158e-14
5.422604217692466e-14
-6.216907526578380e-15
-7.351369625928365e-15
1.701013407089742e-14
1.421926032523747e-14
2.485795280028335e-14
-3.506341327313867e-14
5.798803659331535e-14
1.242600333385048e-14
8.540510650309016e-14
3.123755741077327e-14
8.513893588437694e-14
-4.678668260003393e-14
1.542103170855955e-13
1.331099984032010e-14
1.856437580250383e-13
3.347093107613722e-15
2.590730945740783e-13
-1.810928932417019e-14
3.434596958420706e-13
-3.274709489899258e-14
4.327524048980589e-13
1.344123635863915e-14
5.583178770042791e-13
-1.293259239459491e-14
6.464195125120998e-13
1.970522104951813e-15
7.630013200171840e-13
-4.606955892168603e-15
8.496956356378433e-13
-7.595536213253560e-15
9.847567155449197e-13
-5.770110650576526e-14
1.138788152129236e-12
-4.248091781002576e-15
1.387267161544545e-12
-9.482992782888571e-15
1.459914945168866e-12
1.246380390533387e-14
1.535161292012046e-12
-5.230439934905965e-15
1.657679937219631e-12
-3.143186233810104e-14
1.769249383359974e-12
-4.432455856099039e-14
1.811506212397523e-12
6.529678734434343e-17
1.744627878945128e-12
-3.760046133097084e-15
1.799893478938048e-12
-1.421389224632626e-14
1.751879585904731e-12
-2.675010699271495e-14
1.650577591928453e-12
9.359344393602567e-15
1.471674247349571e-12
2.039368434761090e-14
1.276709908204704e-12
9.713822866515120e-15
1.073218424563142e-12
-5.351827603310742e-14
7.193208233451136e-13
-7.350118815483149e-15
4.890327612950074e-13
-2.507664196055598e-14
2.014994582026907e-13
1.587263959453604e-14
-7.874274952758784e-14
3.514843965418310e-14
-4.258276440846240e-13
1.091450014668340e-14
-7.289914020599563e-13
-1.477169648037512e-14
-9.709873394546893e-13
1.285283472572575e-14
-1.205774843102892e-12
-7.162632646682318e-15
-1.417182062240044e-12
8.809189678722194e-15
-1.615253925110061e-12
-2.318306165111944e-15
-1.715900665799397e-12
5.429083953555729e-15
-1.765180483327487e-12
1.076773859709771e-14
-1.818326199703120e-12
1.153504267950074e-14
-1.753467761804321e-12
5.338295809045052e-14
-1.746198444522462e-12
1.281092290874509e-14
-1.626012890496331e-12
3.821084508242871e-14
-1.549630508096149e-12
1.500792756882372e-14
-1.400981110683306e-12
1.532082315751898e-14
-1.331228950300742e-12
3.585553422544478e-14
-1.160023536241342e-12
-1.147534588849029e-14
-1.083435661182271e-12
-4.802180777000717e-15
-8.722995767696857e-13
-7.218604259636381e-15
-7.366951365409701e-13
5.856368098447431e-14
-6.908006510098038e-13
3.813567171900735e-14
-4.430037787993787e-13
-1.181487264495713e-22
-4.519999230366623e-13
-6.556624414290219e-14
-3.341027820694932e-13
1.237621030402201e-14
-2.421150070203805e-13
-5.569224495299850e-14
-1.848762713535647e-13
2.306514351692782e-15
-1.193856979099237e-13
-7.064142448998931e-14
-1.308532687296109e-13
1.709419049181406e-14
-3.173377497996507e-14
3.494975793604160e-14
-2.565012060473389e-14
-9.188625931012017e-15
-5.898605834454482e-15
-3.406884032988448e-14
-1.241151041466455e-14
-1.961472233491419e-14
2.017993612810705e-14
-1.304033908214032e-14
-1.161654371148674e-14
-3.724536034566741e-14
1.540481603734296e-14
-5.558469608759134e-15
1.493821195234649e-14
1.064022714370904e-14
6.380366849773889e-15
-1.715776533917224e-15
1.360801316306122e-14
-1.135290669838373e-15
2.091164127794406e-14
1.141423032863402e-14
3.399976279025350e-14
-4.611040532231924e-15
3.690806453943143e-14
-3.494201079332810e-14
2.436122882736032e-14
-3.909343210240615e-15
2.887903895620309e-14
2.978586994590361e-14
5.191902912890489e-15
1.999803109000551e-14
-7.777859285230892e-15
-3.565009845700370e-15
2.339078603604902e-14
-6.414052827491618e-15
2.159696712663260e-14
-6.843866237564892e-16
3.668532339295251e-14
1.998271565264545e-15
5.575464347956079e-14
-7.548034214959167e-15
3.907379293963849e-14
5.864278051572646e-15
-1.508699743012651e-14
-4.889613188798090e-14
-3.707397232101050e-14
1.277682417043334e-14
7.475517457754608e-15
9.144857708130577e-15
4.072201510617427e-15
-2.487095573113013e-15
-2.690128452147667e-14
-7.535422345091125e-15
1.631313634119723e-14
-3.573298003982979e-14
4.765121024726959e-14
-3.136908354293528e-14
1.639287858871361e-14
7.451844720600454e-15
5.652643250094609e-15
-2.249146434463126e-15
-5.249284986046801e-15
-3.565974463798190e-14
1.319875738774556e-14
-3.811822299674212e-14
1.057521903230823e-14
-2.106925444270360e-14
1.045005969416929e-14
-6.937728671615340e-14
3.148046158582996e-14
-5.914415532757102e-14
2.795927233407079e-14
-6.980575893818619e-14
1.762743845603018e-14
-9.581472216023972e-14
1.047674074885122e-14
-1.201340865086009e-13
3.126058565777943e-14
-8.161832881185816e-14
7.172143294910566e-14
-1.031347226496723e-13
1.575483812326272e-14
-1.948003764762281e-13
3.898999767415615e-14
-2.242887975159003e-13
4.901863171306271e-14
-2.482000641169985e-13
7.098357305218111e-14
-2.704259447175319e-13
1.118622200182085e-13
-2.745225268129965e-13
1.137573667964320e-13
-3.230440676083275e-13
9.356259565058240e-14
-3.275354843787742e-13
1.480708070066329e-13
-3.891883208242265e-13
1.184017521444988e-13
-4.434503015270167e-13
1.363033980493943e-13
-5.635752258660080e-13
1.464628995266794e-13
-5.573443783875878e-13
3.443160582184292e-13
-5.024919259365672e-13
2.031331569341710e-13
-6.846093605758891e-13
2.180029261041827e-13
-5.655878250588418e-13
2.898279093509281e-13
-5.743790697964064e-13
7.303704262122882e-14
-5.584085606730230e-13
0.000000000000000e+00
0.000000000000000e+00
-1.075491809996609e-13
1.050632004235235e-14
2.108633871385003e-15
-7.592216596712713e-14
1.456181633607457e-13
-7.601997695313213e-14
-3.604936239924523e-14
1.785699937311755e-13
6.574525345486620e-14
1.604302733223682e-14
-5.430923217826873e-15
-1.121948278128672e-14
-1.176477200517655e-14
4.570659754937420e-14
-2.218316656145130e-14
-4.031800480594540e-14
-2.226973314913042e-15
-7.432456438643523e-14
3.473645362116104e-16
-4.417036115234126e-14
7.146698796230225e-14
7.135847719158396e-14
5.966868891703832e-15
-1.810727092380286e-14
-7.237108323967728e-15
2.752566424260121e-14
-5.137384556708940e-14
1.688700903266307e-14
-2.151445708733235e-14
-1.732293908373275e-14
-2.978413675600657e-16
-7.697136529187826e-15
1.208196724193872e-14
4.504817253282969e-14
1.592294831081918e-14
2.681790354271339e-14
9.051961294822520e-15
1.783796318113236e-14
4.839813659852650e-14
1.482208314842988e-14
3.633571668836978e-14
-9.927412593081678e-15
-1.032344053343911e-14
-1.782302386925159e-14
-3.868252186783699e-14
-2.471110197514638e-14
-9.182762210763849e-15
-8.835250993175632e-15
-1.767293757435361e-14
1.965742854838666e-14
-1.271241866630331e-14
4.391623735022899e-14
5.428676519828699e-14
-3.119273587442946e-14
5.451142619130617e-14
-2.502936927176336e-14
-1.332438065976567e-14
-2.485594474722797e-14
-3.911675150001835e-14
2.059711346617840e-14
-8.188016627625989e-15
-1.008594357427868e-14
-5.653237100357848e-14
-2.835405961626316e-17
-3.781194720098589e-14
7.306639185291069e-14
-3.379952868733381e-14
-2.095337227004226e-14
-5.253085158564278e-14
1.802202429757054e-14
2.739208290920058e-15
4.718868694116296e-15
-2.236588491833530e-14
-4.282585160568994e-14
1.392355792124887e-14
1.711329268489198e-14
-4.207524195152160e-14
-7.305165930049137e-15
9.546996298492249e-15
-5.630071511474191e-15
-3.526263284020486e-14
2.169264591771285e-15
-2.304571345421063e-14
-1.299938061268935e-14
5.593132660291717e-15
-4.153489141764863e-14
-4.198524345082523e-15
1.267400213051765e-15
1.460770211336744e-14
-1.870361365730185e-14
-3.310742706678990e-14
4.808664697172856e-15
2.139685937701935e-15
-1.540316249048635e-14
1.567528097946467e-14
-4.793931892796367e-15
-4.172392586576162e-14
2.387543483603803e-14
-1.947860353510633e-14
1.723423556444526e-14
-5.362372132912911e-15
1.307715864778913e-14
-4.476334821854093e-14
-3.643622945043988e-16
-1.135235665894697e-14
-3.914171538669746e-14
1.303433690513236e-14
1.703563249561360e-14
-2.944685833523952e-14
2.124033062676925e-15
-1.345666350656231e-14
-4.709085086832643e-15
-2.459764318812431e-15
-2.187107753533353e-14
-1.948661796847630e-14
-8.851581293890560e-15
2.861694225671671e-15
1.714408575006850e-14
-1.919472210220307e-14
2.842596939338761e-14
-8.952784368813419e-15
8.026827362560614e-14
-3.125619724221028e-14
9.033266031538046e-14
-1.056357682795950e-13
6.040131461004589e-14
-2.727143211461980e-14
-5.217699537087875e-23
-7.154712221793918e-14
-2.740823796313738e-14
2.703192339833794e-14
3.809315788688289e-14
7.282692704251705e-14
-1.012677528140608e-14
-1.784439071673697e-14
-5.591061863302329e-16
8.843171840150819e-14
1.055883557607282e-14
3.848158037721774e-14
3.253460065653871e-14
-4.388549724958149e-14
7.343959956423699e-15
4.818191026028127e-14
8.673273299611221e-16
-1.341389604416141e-14
1.481430187653574e-14
4.930424926727075e-14
2.699337154784332e-16
3.442714889454275e-14
-2.024571902026665e-14
-1.911665173760586e-14
-2.174716507254361e-14
4.658668812855345e-14
-3.390585540450190e-14
-2.590047804932612e-14
-1.238666803627765e-14
1.975649855779841e-14
1.365139970724544e-14
3.893273716513260e-14
3.090459015752483e-15
9.712767510638650e-15
2.455913606004000e-14
-1.292465567071311e-14
2.765749923154799e-14
2.239855314546842e-14
-5.377396830499224e-15
-3.383074163482299e-14
7.419349587639105e-15
2.519789984131086e-15
-4.850360962352602e-14
2.160772097642666e-14
7.198567448632419e-16
-1.368060507352736e-14
1.069845671615916e-14
1.829338722233216e-14
5.849364401125634e-15
7.640849310301685e-15
-4.467616275451859e-15
-3.052005249923803e-14
-4.360900300018998e-14
1.075356118137620e-14
-2.018814098139497e-14
-1.430419745974597e-14
-2.479241340781601e-14
-4.466501437247801e-15
2.754446098284472e-14
-1.751473797606983e-14
-1.915387228254375e-14
-3.366764578463540e-14
-1.449244521990871e-14
2.797299710310352e-14
2.692392581610743e-16
-4.788009138249592e-14
1.322846149866581e-14
-4.526674928623214e-14
3.766217365444938e-14
3.008330695655489e-14
3.100694486164480e-14
-1.000156090064681e-14
-1.076386987656074e-14
-5.344959251474405e-14
-1.890896597555707e-14
-4.268005614462223e-14
3.037781384573012e-14
-5.122407666907035e-14
2.612635862015646e-14
-6.298236396504786e-14
2.966497504773210e-15
-4.040964105265694e-14
1.952396972854160e-15
-3.249909860528287e-14
-1.757106880450150e-14
-2.292685522238566e-14
-2.947259560419545e-14
-1.618539692918034e-14
-8.138798304562966e-15
-5.511902528527717e-14
2.230140236171897e-14
-5.585989968241367e-14
-9.839461396334728e-15
-4.213658728241094e-14
2.371790943049454e-14
-9.049884236334356e-15
-1.980156696183291e-15
-5.803688974031913e-14
-1.010386573616175e-14
-1.037412985511115e-13
-2.955103902758043e-14
-7.054784495077651e-14
5.338759730442753e-14
-5.459520594348884e-14
9.109813445895625e-15
-1.648108579780454e-14
6.588865606269781e-15
-9.090892765532984e-14
7.503639299766615e-15
-7.318233290151053e-14
8.048409991221111e-14
-4.433451655851842e-14
4.863369987600287e-14
-6.617894714250296e-14
-2.727816409242737e-14
-7.055435723264339e-14
-1.026897541426479e-14
-1.693986226312331e-13
-1.577394185448104e-15
-7.010760812699122e-14
4.820905692019761e-14
-1.026555557414602e-13
3.146247079898935e-14
-1.694056692967522e-13
8.973874391528604e-14
-9.653335354130213e-15
-4.811152346158412e-14
0.000000000000000e+00
0.000000000000000e+00
1.586061955577639e-14
9.052102400623229e-15
-1.837428718062132e-14
2.040652354896837e-14
-1.270693847586560e-13
-2.394276786258839e-14
-1.273087175692070e-13
-5.046885787933167e-14
-7.843134563986927e-17
-2.297667687492182e-14
-9.186066769532577e-14
-1.644164041955093e-14
-7.717556665509748e-14
5.733248386888324e-15
6.501428367503965e-14
6.042735057857617e-14
-9.347020452510931e-15
4.130844043978431e-15
2.524288239058164e-14
-1.139887493666696e-14
-4.036404469428359e-14
-1.095179704467794e-14
5.869289490618039e-15
1.603166997627274e-14
-5.443987515489528e-14
6.544520261835900e-15
-1.727141403036491e-14
-3.482540894060720e-14
-1.682362323569251e-16
5.597075226718765e-15
-2.802827919003159e-14
1.191521370113502e-14
1.092423985237739e-14
1.046979206257072e-14
-4.029174558191664e-14
1.137173123040096e-14
-3.562896611206413e-14
-3.835071217923825e-14
-1.263962828666875e-14
6.681540382677601e-15
-3.557538527334217e-14
-1.314707205564178e-14
-4.286962725090484e-14
-1.728930320144567e-14
-2.763758950644808e-14
4.083314514260320e-15
-5.260284243183672e-14
-1.127686806408273e-14
-6.075818682086808e-15
-5.388122263783349e-15
3.312058602313621e-14
-2.097071153973872e-15
2.115507047774730e-14
-6.262941216045206e-15
3.242054420039060e-14
2.443391918980907e-14
-8.250934330294679e-14
-1.729708068827289e-14
1.375722274235150e-14
-2.574998107064459e-15
2.431496535779764e-14
1.079018631659126e-14
-3.177232970090681e-14
9.618991267771430e-17
-3.556753261593848e-14
-1.246263030474203e-14
-2.221037919493876e-15
7.668668817581706e-15
-6.761285619721624e-14
1.500177876995359e-14
-2.171518440280173e-14
-3.194836990544347e-15
-4.390102140234280e-14
-1.244318955070983e-14
-6.301272525155663e-14
-2.500117672775934e-14
-7.770058101318095e-14
1.334183600767720e-14
-6.870625918654833e-14
1.045854496595461e-14
-3.797059770852250e-14
-1.011272809609781e-14
-2.492255747161896e-14
1.320927928843596e-14
-6.896972429531093e-14
3.885206568203754e-15
-2.048803709203681e-14
-8.230432977645265e-15
-4.133876708825958e-14
-1.355193322934731e-14
-1.207619624075746e-14
-5.433791152081699e-15
1.033993375954147e-15
-3.115241333829522e-14
-2.953302715956856e-14
-4.767854182460002e-15
1.140197493196123e-14
-1.247686038855602e-14
-5.305030825016274e-14
-2.660536230403996e-14
-5.284513142545109e-14
-1.972327898769770e-14
-3.399245128929805e-14
-1.045960146069727e-14
-5.687415326059523e-14
1.791124729378632e-15
-5.108414060973885e-15
-2.279320633413592e-15
-3.156809577854448e-14
-2.087714235772131e-14
-4.477465330131244e-14
2.200207956112246e-14
-5.519923763913999e-14
-2.674999845259878e-14
-4.962680902135478e-14
1.024697261329805e-13
1.331288180537859e-14
-2.423752555750650e-15
3.445786106651197e-14
-6.993753293891257e-15
-6.390465448461262e-14
3.319769431824317e-14
-8.497404166017938e-15
2.668569493394052e-14
-2.834654587071681e-14
2.617376095961828e-14
-6.618977368314262e-14
-1.124965633072118e-22
7.871719472608775e-14
4.255672974968148e-14
3.240687810976580e-14
1.509076908111330e-14
6.754173890506253e-14
4.107317018990007e-14
1.459517050403022e-14
-2.448415784637264e-14
1.883490413601922e-14
-5.646976597270770e-14
1.492248097550823e-14
-5.606419423617365e-14
-2.570599305249874e-14
-4.794387153586666e-14
-2.114184749577724e-14
1.744146548108422e-14
-1.101378645403106e-14
3.934599838322979e-14
-1.397170682100601e-14
2.585084161570985e-14
-3.491803200750265e-14
-5.004409565784987e-15
2.230605023606502e-14
2.264713685139717e-14
1.504113673889140e-14
-1.941873853573475e-16
2.424449530025186e-14
2.013923153677127e-14
2.374836438612249e-15
-5.038959700886757e-14
-1.192448917386457e-14
-6.199901703141109e-15
3.925679226135514e-15
1.027135191136891e-14
7.709111127240931e-15
-3.629735401133871e-14
-2.128852649718738e-14
4.905060732584797e-14
1.358635426385035e-14
1.395107987467448e-14
-6.494804694057166e-15
-1.146912426142228e-14
-3.706757123467241e-14
-9.764758446273447e-15
-1.973421426271216e-14
-3.973731066419749e-14
-3.252953462151709e-14
-8.611167334748870e-15
-5.528910662633280e-14
3.854555563622081e-15
-5.784261958297066e-14
-3.689756833402669e-14
-3.452793606584237e-14
-3.600418574390186e-14
1.332267629550188e-15
1.226796442210798e-14
-2.042810365310288e-14
1.016547956920793e-15
-3.419486915845482e-14
2.949029909160572e-16
-7.105427357601002e-14
-3.688022109926369e-14
-9.148237722911290e-14
-9.992007221626409e-16
-9.059419880941277e-14
2.267977472492239e-14
-6.039613253960852e-14
-4.749672877224498e-15
-5.684341886080801e-14
-1.729345833201602e-14
-1.598721155460225e-13
1.376676550535194e-14
-1.385558334732195e-13
1.270858418500447e-14
-2.060573933704291e-13
-3.152686445240249e-14
-2.842170943040401e-13
-3.369873824432222e-14
-2.842170943040401e-13
-4.218847493575595e-15
-4.263256414560601e-13
-2.681535549164787e-14
-5.400124791776761e-13
-3.263708747702765e-14
-7.105427357601002e-13
-5.817395176688546e-14
-8.526512829121202e-13
-2.842170943040401e-14
-1.023181539494544e-12
-5.284314652520711e-14
-1.136868377216160e-12
-3.219993716108149e-14
-1.591615728102624e-12
-9.603082218312086e-14
-1.705302565824240e-12
-6.039613253960852e-14
-2.160049916710705e-12
-1.089649204200055e-13
-2.387423592153937e-12
-1.196855115015438e-13
-2.955857780762017e-12
-1.025863421988437e-13
-3.410605131648481e-12
-1.412203687323199e-13
-3.637978807091713e-12
-1.403356597595734e-13
-4.206412995699793e-12
-1.452137021740185e-13
-4.774847184307873e-12
-2.114454444868098e-13
-5.456968210637569e-12
-2.717825964282383e-13
-5.456968210637569e-12
-2.125556675114366e-13
-6.139089236967266e-12
-2.231513585027045e-13
-6.366462912410498e-12
-2.824390027411671e-13
-6.593836587853730e-12
-2.700062395888381e-13
-6.821210263296962e-12
-2.664500564630872e-13
-7.048583938740194e-12
-2.784474040229412e-13
-6.821210263296962e-12
-3.068621745594381e-13
