0.000000000000000e+00
9.986587802295398e-13
2.013412197704601e-12
3.060481970785707e-12
4.156473433579032e-12
5.318633943747294e-12
6.565117156593392e-12
7.915257150834603e-12
9.389856444525792e-12
1.101149205212845e-11
1.280484390545723e-11
1.479705019273823e-11
1.701809446269990e-11
1.950122969673293e-11
2.228344497476914e-11
2.540598085354589e-11
2.891490014409554e-11
3.286172142426766e-11
3.730412335841281e-11
4.230672872756295e-11
4.794197800809864e-11
5.429110338466744e-11
6.144521525486947e-11
6.950651459109457e-11
7.858964598241237e-11
8.882320780161973e-11
1.003514377461213e-10
1.133360940047298e-10
1.279585545261464e-10
1.444221593313807e-10
1.629548235465772e-10
1.838119518620807e-10
2.072796884783176e-10
2.336785403124723e-10
2.633674153486219e-10
2.967481225582087e-10
3.342703848417432e-10
3.764374219950542e-10
4.238121668376251e-10
4.770241844151806e-10
5.367773716680089e-10
6.038585232110469e-10
6.791468579788291e-10
7.636246115327371e-10
8.583888099024100e-10
9.646643530393434e-10
1.083818549409882e-09
1.217377258068799e-09
1.367042810866629e-09
1.534713905399602e-09
1.722507679069562e-09
1.932784196356752e-09
2.168173605310775e-09
2.431606245541954e-09
2.726346018873310e-09
3.056027365539500e-09
3.424696223663072e-09
3.836855387994087e-09
4.297514725887107e-09
4.812246754558684e-09
5.387248134199150e-09
6.029407686918552e-09
6.746381612238589e-09
7.546676636390520e-09
8.439741905576227e-09
9.436070513175454e-09
1.054731163826650e-08
1.178639436845429e-08
1.316766438461176e-08
1.470703479954438e-08
1.642215256765789e-08
1.833258201939583e-08
2.046000722354468e-08
2.282845504359546e-08
2.546454093241134e-08
2.839773970378749e-08
3.166068373152169e-08
3.528949125787242e-08
3.932412774542685e-08
4.380880348122485e-08
4.879241094142786e-08
5.432900575097645e-08
6.047833542780984e-08
6.730642048776813e-08
7.488619290689756e-08
8.329819739537572e-08
9.263136143473211e-08
1.029838405707659e-07
1.144639460421164e-07
1.271911624626585e-07
1.412972639689055e-07
1.569275379958442e-07
1.742421266608831e-07
1.934174966210075e-07
2.146480492283154e-07
2.381478838498042e-07
2.641527283449510e-07
2.929220519161197e-07
3.247413768694807e-07
3.599248072558059e-07
3.988177939096435e-07
4.418001570810284e-07
4.892893896657197e-07
5.417442659983522e-07
5.996687832889332e-07
6.636164650686823e-07
7.341950584789808e-07
8.120716599007361e-07
8.979783062952564e-07
9.927180727272402e-07
1.097171719882218e-06
1.212304938992349e-06
1.339176245464641e-06
1.478945576684460e-06
1.632883653965882e-06
1.802382173461799e-06
1.988964896054757e-06
2.194299711850074e-06
2.420211760913101e-06
2.668697698361576e-06
2.941941198872725e-06
3.242329803125816e-06
3.572473216708912e-06
3.935223180610519e-06
4.333695041631632e-06
4.771291160932713e-06
5.251726309517151e-06
5.779055210794101e-06
6.357702402508253e-06
6.992494603323758e-06
7.688695783259186e-06
8.452045152047428e-06
9.288798295400233e-06
1.020577170615558e-05
1.121039097544536e-05
1.231074292841218e-05
1.351563200970256e-05
1.483464124604891e-05
1.627819813680719e-05
1.785764584842856e-05
1.958532011560416e-05
2.147463228032724e-05
2.354015893046955e-05
2.579773863177260e-05
2.826457628152257e-05
3.095935564872447e-05
3.390236070443967e-05
3.711560638722720e-05
4.062297949246688e-05
4.445039042087855e-05
4.862593657093320e-05
5.318007821222628e-05
5.814582773241093e-05
6.355895320912962e-05
6.945819732070856e-05
7.588551267536541e-05
8.288631470851046e-05
9.050975337158428e-05
9.880900491396795e-05
1.078415851420275e-04
1.176696856265247e-04
1.283605344216565e-04
1.399867829561026e-04
1.526269208588919e-04
1.663657205908893e-04
1.812947138664894e-04
1.975127019699426e-04
2.151263021968923e-04
2.342505327844188e-04
2.550094388324605e-04
2.775367618661706e-04
3.019766558428633e-04
3.284844525689963e-04
3.572274796624046e-04
3.883859343730657e-04
4.221538167623122e-04
4.587399259359468e-04
4.983689232314425e-04
5.412824664736523e-04
5.877404196375169e-04
6.380221424904525e-04
6.924278650317454e-04
7.512801518016879e-04
8.149254613996603e-04
8.837358068282199e-04
9.581105225697891e-04
1.038478144604052e-03
1.125298409887954e-03
1.219064382146522e-03
1.320304711161924e-03
1.429586033100397e-03
1.547515519782307e-03
1.674743585179761e-03
1.811966757819134e-03
1.959930728172875e-03
2.119433580546024e-03
2.291329219398370e-03
2.476531000493051e-03
2.676015577726889e-03
2.890826976976809e-03
3.122080908790489e-03
3.370969332257786e-03
3.638765282922563e-03
3.926827978132149e-03
4.236608213773706e-03
4.569654066913099e-03
4.927616919432189e-03
5.312257818354571e-03
5.725454189157288e-03
6.169206918986606e-03
6.645647827328967e-03
7.157047542333424e-03
7.705823801638270e-03
8.294550197221870e-03
8.925965384474859e-03
9.602982776377113e-03
1.032870074435736e-02
1.110641334811477e-02
1.193962161738941e-02
1.283204540938066e-02
1.378763586622817e-02
1.481058849768782e-02
1.590535691485253e-02
1.707666724148473e-02
1.832953323024051e-02
1.966927211177378e-02
2.110152120540996e-02
2.263225532077034e-02
2.426780498040849e-02
2.601487549418584e-02
2.788056691676249e-02
2.987239492020886e-02
3.199831261435071e-02
3.426673334804113e-02
3.668655452510583e-02
3.926718246922813e-02
4.201855837252463e-02
4.495118536300774e-02
4.807615672653255e-02
5.140518531918062e-02
5.495063420633570e-02
5.872554856495384e-02
6.274368888571723e-02
6.701956551188294e-02
7.156847455169023e-02
7.640653520116782e-02
8.155072851408034e-02
8.701893765556677e-02
9.282998967574620e-02
9.900369883919417e-02
1.055609115457188e-01
1.125235528772850e-01
1.199146748052427e-01
1.277585060912019e-01
1.360805039139631e-01
1.449074072538425e-01
1.542672920645323e-01
1.641896282612857e-01
1.747053385527289e-01
1.858468591419459e-01
1.976482023206804e-01
2.101450209785154e-01
2.233746750467483e-01
2.373762998943466e-01
2.521908766908590e-01
2.678613047484548e-01
2.844324758523636e-01
3.019513505858882e-01
3.204670366528586e-01
3.400308691968752e-01
3.606964931129551e-01
3.825199473432433e-01
4.055597511442678e-01
4.298769923088102e-01
4.555354173208248e-01
4.826015234169612e-01
5.111446525231336e-01
5.412370870292258e-01
5.729541473594284e-01
6.063742912898640e-01
6.415792149590791e-01
6.786539555106570e-01
7.176869953006388e-01
7.587703675956361e-01
8.019997636804703e-01
8.474746412868974e-01
8.952983342474579e-01
9.455781632707572e-01
9.984255477265147e-01
1.053956118320544e+00
1.112289830531434e+00
1.173551078672124e+00
1.237868810430775e+00
1.305376641736374e+00
1.376212971785409e+00
1.450521098056610e+00
1.528449331131383e+00
1.610151109127935e+00
1.695785111547462e+00
1.785515372320970e+00
1.879511391835450e+00
1.977948247708213e+00
2.081006704068240e+00
2.188873319093399e+00
2.301740550542467e+00
2.419806859010877e+00
2.543276808629273e+00
2.672361164914126e+00
2.807276989469949e+00
2.948247731233070e+00
3.095503313937543e+00
3.249280219474519e+00
3.409821566807446e+00
3.577377186096706e+00
3.752203687678878e+00
3.934564525537697e+00
4.124730054896022e+00
4.322977583550783e+00
4.529591416565959e+00
4.744862893932181e+00
4.969090420795638e+00
5.202579489853562e+00
5.445642695508802e+00
5.698599739371769e+00
5.961777426694615e+00
6.235509653319633e+00
6.520137382721883e+00
6.816008612724737e+00
7.123478331466655e+00
7.442908462197870e+00
7.774667796487046e+00
8.119131915420231e+00
8.476683098377665e+00
8.847710218978301e+00
9.232608627787181e+00
9.631780021387245e+00
1.004563229742464e+01
1.047457939524529e+01
1.091904112175037e+01
1.137944296210918e+01
1.185621587498062e+01
1.234979607190741e+01
1.286062478056270e+01
1.338914799154415e+01
1.393581618842859e+01
1.450108406081861e+01
1.508541020013299e+01
1.568925677791386e+01
1.631308920644664e+01
1.695737578151282e+01
1.762258730712093e+01
1.830919670208823e+01
1.901767858837358e+01
1.974850886109149e+01
2.050216424016809e+01
2.127912180363197e+01
2.207985850256603e+01
2.290485065778100e+01
2.375457343830721e+01
2.462950032183790e+01
2.553010253729548e+01
2.645684848973106e+01
2.741020316780794e+01
2.839062753416040e+01
2.939857789896131e+01
3.043450527707475e+01
3.149885472921335e+01
3.259206468756408e+01
3.371456626639126e+01
3.486678255817056e+01
3.604912791585389e+01
3.726200722191046e+01
3.850581514483642e+01
3.978093538387117e+01
4.108773990270539e+01
4.242658815301198e+01
4.379782628867740e+01
4.520178637165677e+01
4.663878557042163e+01
4.810912535201404e+01
4.961309066876532e+01
5.115094914078085e+01
5.272295023533512e+01
5.432932444436297e+01
5.597028246127286e+01
5.764601435834746e+01
5.935668876603454e+01
6.110245205546669e+01
6.288342752558360e+01
6.469971459626225e+01
6.655138800889181e+01
6.843849703585778e+01
7.036106470042689e+01
7.231908700854743e+01
7.431253219410196e+01
7.634133997916766e+01
7.840542085085575e+01
8.050465535631525e+01
8.263889341749622e+01
8.480795366727517e+01
8.701162280854997e+01
8.924965499791196e+01
9.152177125550112e+01
9.382765890264449e+01
9.616697102886856e+01
9.853932598986404e+01
1.009443069379648e+02
1.033814613866828e+02
1.058503008108180e+02
1.083503002836327e+02
1.108808981525526e+02
1.134414957548161e+02
1.160314571744611e+02
1.186501090419908e+02
1.212967403780167e+02
1.239706024821258e+02
1.266709088681654e+02
1.293968352470817e+02
1.321475195583865e+02
1.349220620512625e+02
1.377195254162498e+02
1.405389349683818e+02
1.433792788825691e+02
1.462395084819449e+02
1.491185385798115e+02
1.520152478757360e+02
1.549284794062631e+02
1.578570410506174e+02
1.607997060916781e+02
1.637552138324153e+02
1.667222702678758e+02
1.696995488127139e+02
1.726856910841537e+02
1.756793077401768e+02
1.786789793726147e+02
1.816832574547310e+02
1.846906653427627e+02
1.876996993307903e+02
1.907088297581961e+02
1.937165021688624e+02
1.967211385211538e+02
1.997211384476225e+02
2.027148805632661e+02
2.057007238210623e+02
2.086770089133998e+02
2.116420597179207e+02
2.145941847861882e+02
2.175316788734903e+02
2.204528245079953e+02
2.233558935973745e+02
2.262391490709186e+02
2.291008465550775e+02
2.319392360802713e+02
2.347525638167311e+02
2.375390738370500e+02
2.402970099030453e+02
2.430246172744624e+02
2.457201445369772e+02
2.483818454468952e+02
2.510079807898802e+02
2.535968202509924e+02
2.561466442932666e+02
2.586557460420136e+02
2.611224331719903e+02
2.635450297945487e+02
2.659218783418454e+02
2.682513414451709e+02
2.705318038044404e+02
2.727616740458768e+02
2.749393865649113e+02
2.770634033513290e+02
2.791322157936920e+02
2.811443464600885e+02
2.830983508522725e+02
2.849928191302888e+02
2.868263778047046e+02
2.885976913936118e+02
2.903054640416045e+02
2.919484410979896e+02
2.935254106515413e+02
2.950352050191747e+02
2.964767021859808e+02
2.978488271941374e+02
2.991505534782917e+02
3.003809041450922e+02
3.015389531946387e+02
3.026238266817127e+02
3.036347038147505e+02
3.045708179906239e+02
3.054314577634034e+02
3.062159677453902e+02
3.069237494388188e+02
3.075542619967537e+02
3.081070229118252e+02
3.085816086315776e+02
3.089776550993303e+02
3.092948582195851e+02
3.095329742471478e+02
3.096918200992648e+02
3.097712735902187e+02
