0.000000000000000e+00
4.218568467441952e-26
8.523104053149795e-26
1.300059396291424e-25
1.774071592033991e-25
2.283759629667175e-25
2.839162415674348e-25
3.451135549894884e-25
4.131554276276400e-25
4.893532611526343e-25
5.751662511121119e-25
6.722277206431699e-25
7.823743189616951e-25
9.076785738157253e-25
1.050485336333394e-24
1.213452714266302e-24
1.399598156254855e-24
1.612350426280956e-24
1.855608294921036e-24
2.133806873512907e-24
2.451992630207882e-24
2.815908254575054e-24
3.232088681628804e-24
3.707969748745106e-24
4.252011142030020e-24
4.873835494672796e-24
5.584385731305624e-24
6.396103012362861e-24
7.323127924188528e-24
8.381527887866790e-24
9.589554126550734e-24
1.096793194201056e-23
1.254018851129798e-23
1.433302292948279e-23
1.637672380064350e-23
1.870564032366391e-23
2.135871353964863e-23
2.438007521251653e-23
2.781972271309364e-23
3.173427928037121e-23
3.618785015322385e-23
4.125298631476205e-23
4.701176898396677e-23
5.355702954119891e-23
6.099372130314512e-23
6.944046148815915e-23
7.903126385622324e-23
8.991748489256329e-23
1.022700090564384e-22
1.162817015656263e-22
1.321701604644415e-22
1.501808033638050e-22
1.705903282845600e-22
1.937105925224299e-22
2.198929584315664e-22
2.495331605450566e-22
2.830767545717048e-22
3.210252155911592e-22
3.639427602824410e-22
4.124639763393143e-22
4.673023514321880e-22
5.292598042608808e-22
5.992373315048613e-22
6.782468969262813e-22
7.674247026354669e-22
8.680459977190090e-22
9.815415962001024e-22
1.109516294805577e-21
1.253769401425081e-21
1.416317607651845e-21
1.599420463595466e-21
1.805608740477941e-21
2.037715996607849e-21
2.298913695439378e-21
2.592750260851821e-21
2.923194494846293e-21
3.294683826892882e-21
3.712177912546575e-21
4.181218152090567e-21
4.707993758302726e-21
5.299415066455362e-21
5.963194849871591e-21
6.707938481340097e-21
7.543243865048401e-21
8.479812156099673e-21
9.529570385852201e-21
1.070580722204677e-20
1.202332321381333e-20
1.349859700409184e-20
1.514996913675540e-20
1.699784524386037e-20
1.906492057112586e-20
2.137642798821771e-20
2.396041183602906e-20
2.684803018736901e-20
3.007388834186448e-20
3.367640664213911e-20
3.769822598828189e-20
4.218665474321682e-20
4.719416106494452e-20
5.277891507501426e-20
5.900538567843710e-20
6.594499729118357e-20
7.367685221022817e-20
8.228852488081862e-20
9.187693487948460e-20
1.025493060427125e-19
1.144242198338971e-19
1.276327717590918e-19
1.423198404194431e-19
1.586454796295265e-19
1.767864449409236e-19
1.969378668944316e-19
2.193150843877626e-19
2.441556526943101e-19
2.717215419087522e-19
3.023015429335448e-19
3.362138995637580e-19
3.738091867837112e-19
4.154734570653839e-19
4.616316782640550e-19
5.127514886499503e-19
5.693472967053334e-19
6.319847555644314e-19
7.012856443894526e-19
7.779331915708749e-19
8.626778774259928e-19
9.563437570588386e-19
1.059835347250179e-18
1.174145124682150e-18
1.300361686482796e-18
1.439678628016572e-18
1.593404197063909e-18
1.762971788042981e-18
1.949951344747617e-18
2.156061745225365e-18
2.383184247918380e-18
2.633377084057357e-18
2.908891287556359e-18
3.212187860326042e-18
3.545956378027555e-18
3.913135148853166e-18
4.316933045967268e-18
4.760853142798770e-18
5.248718289469574e-18
5.784698778301846e-18
6.373342256597442e-18
7.019606055756161e-18
7.728892117325538e-18
8.507084708785485e-18
9.360591134798247e-18
1.029638566333123e-17
1.132205690052097e-17
1.244585886342589e-17
1.367676601594861e-17
1.502453255023167e-17
1.649975621378048e-17
1.811394700148032e-17
1.987960105158956e-17
2.181028010574432e-17
2.392069691504153e-17
2.622680699741273e-17
2.874590717580104e-17
3.149674135214378e-17
3.449961399888244e-17
3.777651187770627e-17
4.135123452452141e-17
4.524953407026058e-17
4.949926499914163e-17
5.413054447938040e-17
5.917592393619402e-17
6.467057257322571e-17
7.065247358630661e-17
7.716263385276825e-17
8.424530792035438e-17
9.194823716216834e-17
1.003229050080483e-16
1.094248092082976e-16
1.193137521328172e-16
1.300541501573927e-16
1.417153632391777e-16
1.543720458352740e-16
1.681045203717294e-16
1.829991745252240e-16
1.991488836361717e-16
2.166534596298904e-16
2.356201278818331e-16
2.561640335235884e-16
2.784087787483696e-16
3.024869927379492e-16
3.285409358973849e-16
3.567231401493071e-16
3.871970871059108e-16
4.201379260039772e-16
4.557332333561189e-16
4.941838163398506e-16
5.357045620148619e-16
5.805253345278403e-16
6.288919225331751e-16
6.810670391266333e-16
7.373313766574386e-16
7.979847188518402e-16
8.633471127479745e-16
9.337601030073172e-16
1.009588031231999e-15
1.091219402979388e-15
1.179068325225299e-15
1.273576017084595e-15
1.375212396652427e-15
1.484477746880545e-15
1.601904463450494e-15
1.728058887648762e-15
1.863543227287474e-15
2.008997568747682e-15
2.165101983250003e-15
2.332578730478978e-15
2.512194562702309e-15
2.704763132533688e-15
2.911147507487497e-15
3.132262794464808e-15
3.369078877292021e-15
3.622623270405665e-15
3.893984091738579e-15
4.184313157813258e-15
4.494829203986882e-15
4.826821232718746e-15
5.181651992643750e-15
5.560761591134570e-15
5.965671242919361e-15
6.397987157190670e-15
6.859404565493769e-15
7.351711892518356e-15
7.876795071735467e-15
8.436642007621069e-15
9.033347185988233e-15
9.669116433710370e-15
1.034627182885804e-14
1.106725676199074e-14
1.183464114904195e-14
1.265112679591024e-14
1.351955291452056e-14
1.444290178974759e-14
1.542430459619638e-14
1.646704736341472e-14
1.757457708766513e-14
1.875050798791291e-14
1.999862790318928e-14
2.132290482796518e-14
2.272749358162185e-14
2.421674260752834e-14
2.579520089663410e-14
2.746762502985652e-14
2.923898633288867e-14
3.111447813637273e-14
3.309952313367869e-14
3.519978082779759e-14
3.742115505810358e-14
3.976980159696069e-14
4.225213580534880e-14
4.487484033586006e-14
4.764487287057332e-14
5.056947388045043e-14
5.365617439201674e-14
5.691280374619014e-14
6.034749733320964e-14
6.396870428668809e-14
6.778519511887699e-14
7.180606927828377e-14
7.604076260983027e-14
8.049905469678292e-14
8.519107606272644e-14
9.012731521089569e-14
9.531862547722660e-14
1.007762316725403e-13
1.065117364883399e-13
1.125371266397769e-13
1.188647787184400e-13
1.255074647267364e-13
1.324783572647781e-13
1.397910343398549e-13
1.474594837677845e-13
1.554981071346666e-13
1.639217232868562e-13
1.727455713162999e-13
1.819853130077582e-13
1.916570347138768e-13
2.017772486235633e-13
2.123628933886900e-13
2.234313340737730e-13
2.350003613929849e-13
2.470881901986444e-13
2.597134571851934e-13
2.728952177726359e-13
2.866529421334590e-13
3.010065103272138e-13
3.159762065071834e-13
3.315827121639303e-13
3.478470983709869e-13
3.647908169985433e-13
3.824356908616977e-13
4.008039027706662e-13
4.199179834513132e-13
4.398007983054524e-13
4.604755329816003e-13
4.819656777282215e-13
5.042950105030105e-13
5.274875788134004e-13
5.515676802652726e-13
5.765598417987768e-13
6.024887975922451e-13
6.293794656174071e-13
6.572569228314874e-13
6.861463789942725e-13
7.160731491009048e-13
7.470626244239539e-13
7.791402421612664e-13
8.123314536891753e-13
8.466616914238687e-13
8.821563342970670e-13
9.188406718556394e-13
9.567398669983808e-13
9.958789173669003e-13
1.036282615411391e-12
1.077975507155987e-12
1.120981849692441e-12
1.165325567434975e-12
1.211030207173352e-12
1.258118891965492e-12
1.306614273915270e-12
1.356538485885526e-12
1.407913092200741e-12
1.460759038398255e-12
1.515096600091398e-12
1.570945331012342e-12
1.628324010306950e-12
1.687250589158336e-12
1.747742136820220e-12
1.809814786145528e-12
1.873483678699941e-12
1.938762909554299e-12
2.005665471853855e-12
2.074203201266344e-12
2.144386720414702e-12
2.216225383403956e-12
2.289727220555351e-12
2.364898883464163e-12
2.441745590500789e-12
2.520271072877695e-12
2.600477521407529e-12
2.682365534080191e-12
2.765934064588927e-12
2.851180371937430e-12
2.938099971261676e-12
3.026686586001550e-12
3.116932101558448e-12
3.208826520575711e-12
3.302357919979243e-12
3.397512409915644e-12
3.494274094724942e-12
3.592625036084306e-12
3.692545218458076e-12
3.794012516988031e-12
3.897002667955944e-12
4.001489241948280e-12
4.107443619850251e-12
4.214834971793375e-12
4.323630239177275e-12
4.433794119882568e-12
4.545289056787428e-12
4.658075229695746e-12
4.772110550779692e-12
4.887350663634052e-12
5.003748946033796e-12
5.121256516480082e-12
5.239822244613285e-12
5.359392765564600e-12
5.479912498310436e-12
5.601323668086088e-12
5.723566332907195e-12
5.846578414239089e-12
5.970295731845550e-12
6.094652042839574e-12
6.219579084949614e-12
6.345006624005280e-12
6.470862505637025e-12
6.597072711174437e-12
6.723561417717872e-12
6.850251062348040e-12
6.977062410428043e-12
7.103914627942007e-12
7.230725357804177e-12
7.357410800062039e-12
7.483885795906629e-12
7.610063915392955e-12
7.735857548763226e-12
7.861178001255451e-12
7.985935591270006e-12
8.110039751756934e-12
8.233399134677135e-12
8.355921718381214e-12
8.477514917740570e-12
8.598085696856550e-12
8.717540684164933e-12
8.835786289744789e-12
8.952728824633059e-12
9.068274621938767e-12
9.182330159543816e-12
9.294802184170900e-12
9.405597836592998e-12
9.514624777753488e-12
9.621791315560941e-12
9.727006532118277e-12
9.830180411142124e-12
9.931223965325074e-12
1.003004936339075e-11
1.012657005658981e-11
1.022070090438359e-11
1.031235829906117e-11
1.040146028903603e-11
1.048792670056863e-11
1.057167925766285e-11
1.065264169988593e-11
1.073073989786438e-11
1.080590196621145e-11
1.087805837364578e-11
1.094714205006544e-11
1.101308849034682e-11
1.107583585464363e-11
1.113532506496799e-11
1.119149989784254e-11
1.124430707282018e-11
1.129369633667655e-11
1.133962054308897e-11
1.138203572762509e-11
1.142090117787430e-11
1.145617949856525e-11
1.148783667152383e-11
1.151584211033689e-11
1.154016870959885e-11
1.156079288863018e-11
1.157769462956905e-11
1.159085750974992e-11
1.160026872829597e-11
1.160591912686483e-11
1.160780320450079e-11
1.160591912655959e-11
1.160026872768558e-11
1.159085750883458e-11
1.157769462834905e-11
1.156079288710592e-11
1.154016870777081e-11
1.151584210820567e-11
1.148783666909011e-11
1.145617949582981e-11
1.142090117483799e-11
1.138203572428887e-11
1.133962053945388e-11
1.129369633274371e-11
1.124430706859079e-11
1.119149989331789e-11
1.113532506014944e-11
1.107583584953260e-11
1.101308848494483e-11
1.094714204437405e-11
1.087805836766662e-11
1.080590195994621e-11
1.073073989131481e-11
1.065264169305381e-11
1.057167925055002e-11
1.048792669317696e-11
1.040146028136744e-11
1.031235829111760e-11
1.022070089616700e-11
1.012657004810220e-11
1.003004935463411e-11
9.931223956301432e-12
9.830180401853488e-12
9.727006522566654e-12
9.621791305748338e-12
9.514624767681896e-12
9.405597826264385e-12
9.294802173587209e-12
9.182330148706957e-12
9.068274610850603e-12
8.952728813295413e-12
8.835786278159426e-12
8.717540672333562e-12
8.598085684780810e-12
8.477514905422028e-12
8.355921705821355e-12
8.233399121877355e-12
8.110039738718530e-12
7.985935577994179e-12
7.861177987743288e-12
7.735857535015691e-12
7.610063901410887e-12
7.483885781690737e-12
7.357410785612885e-12
7.230725343122176e-12
7.103914613027413e-12
6.977062395280941e-12
6.850251046968339e-12
6.723561402105299e-12
6.597072695328525e-12
6.470862489557102e-12
6.345006607690468e-12
6.219579068398809e-12
6.094652026051443e-12
5.970295714818517e-12
5.846578396971333e-12
5.723566315396635e-12
5.601323650330365e-12
5.479912480306914e-12
5.359392747310350e-12
5.239822226105071e-12
5.121256497714353e-12
5.003748927006674e-12
4.887350644341317e-12
4.772110531216770e-12
4.658075209857697e-12
4.545289036668932e-12
4.433794099477905e-12
4.323630218480319e-12
4.214834950797573e-12
4.107443598548607e-12
4.001489220333339e-12
3.897002646019776e-12
3.794012494722211e-12
3.692545195853662e-12
3.592625013131825e-12
3.494274071414366e-12
3.397512386236366e-12
3.302357895920060e-12
3.208826496124795e-12
3.116932076703323e-12
3.026686560729063e-12
2.938099945557971e-12
2.851180345787921e-12
2.765934037978263e-12
2.682365506992227e-12
2.600477493825288e-12
2.520271044783339e-12
2.441745561875573e-12
2.364898854288402e-12
2.289727190808374e-12
2.216225353064065e-12
2.144386689459123e-12
2.074203169671177e-12
2.005665439594026e-12
1.938762876603500e-12
1.873483645030575e-12
1.809814751728648e-12
1.747742101625464e-12
1.687250553153857e-12
1.628323973459344e-12
1.570945293286574e-12
1.515096561450718e-12
1.460758998804114e-12
1.407913051612698e-12
1.356538444261156e-12
1.306614231210057e-12
1.258118848132725e-12
1.211030162164011e-12
1.165325521197607e-12
1.120981802173037e-12
1.077975458297840e-12
1.036282565154956e-12
9.958788656496412e-13
9.567398137546073e-13
9.188406170163362e-13
8.821562777897107e-13
8.466616331722341e-13
8.123313936131310e-13
7.791401801765561e-13
7.470625604419645e-13
7.160730830284206e-13
6.861463107332142e-13
6.572568522786342e-13
6.293793926641013e-13
6.024887221240785e-13
5.765597636952568e-13
5.515675993994671e-13
5.274874950515612e-13
5.042949237041701e-13
4.819655877437660e-13
4.604754396548146e-13
4.398007014710353e-13
4.199178829348613e-13
4.008037983881241e-13
3.824355824187714e-13
3.647907042900769e-13
3.478469811802967e-13
3.315825902620946e-13
3.159760796522858e-13
3.010063782635358e-13
2.866528045906184e-13
2.728950744646671e-13
2.597133078095660e-13
2.470880344352146e-13
2.350001989028763e-13
2.234311644981799e-13
2.123627163475998e-13
2.017770637143903e-13
1.916568415100015e-13
1.819851110569654e-13
1.727453601391078e-13
1.639215023747289e-13
1.554978759481012e-13
1.474592417342631e-13
1.397907808516516e-13
1.324780916766109e-13
1.255071863532511e-13
1.188644868315140e-13
1.125368204656302e-13
1.065114152044363e-13
1.007758944042657e-13
9.531827129432507e-14
9.012694312364571e-14
8.519068501783725e-14
8.049864357298928e-14
7.604033021316199e-14
7.180561433698499e-14
6.778471627794772e-14
6.396820010201829e-14
6.034696626527399e-14
5.691224415326864e-14
5.365558452290348e-14
5.056885186661019e-14
4.764421671770152e-14
4.487414791479843e-14
4.225140484230510e-14
3.976902966297620e-14
3.742033955770758e-14
3.519891898678274e-14
3.309861198592571e-14
3.111351450964665e-14
2.923796683352226e-14
2.746654602622922e-14
2.579405850134705e-14
2.421553265816728e-14
2.272621161999058e-14
2.132154607766174e-14
1.999718724538623e-14
1.874897993519061e-14
1.757295575573395e-14
1.646532644054758e-14
1.542247731017713e-14
1.444096087212369e-14
1.351749056192964e-14
1.264893462822958e-14
1.183231016408755e-14
1.106477728646798e-14
1.034363346523928e-14
9.666308002685524e-15
9.030356664102138e-15
8.433456459676568e-15
7.873400577502711e-15
7.348093467248762e-15
6.855546073691177e-15
6.393871219041837e-15
5.961279132730783e-15
5.556073127062189e-15
5.176645416935876e-15
4.821473081619906e-15
4.489114166370702e-15
4.178203921525164e-15
3.887451176533304e-15
3.615634846259421e-15
3.361600566753823e-15
3.124257457584722e-15
2.902575007720467e-15
2.695580081864762e-15
2.502354044071124e-15
2.322029995396810e-15
2.153790122299753e-15
1.996863152434033e-15
1.850521914459012e-15
1.714080998443797e-15
1.586894513421142e-15
1.468353938622455e-15
1.357886064907345e-15
1.254951022886155e-15
1.159040394221375e-15
1.069675402582641e-15
9.864051807193416e-16
9.088051101036107e-16
8.364752295837067e-16
7.690387094723357e-16
7.061403874753057e-16
6.474453628417891e-16
5.926376450871929e-16
5.414188536018725e-16
4.935069644122700e-16
4.486351003040045e-16
4.065503604473705e-16
3.670126855828696e-16
3.297937547258899e-16
2.946759092334160e-16
2.614510999394170e-16
2.299198529068601e-16
1.998902491604064e-16
1.711769135517708e-16
1.436000076661615e-16
1.169842213995008e-16
9.115775751821961e-17
6.595130315182052e-17
4.119698175812148e-17
1.672727863658728e-17
-7.626067459765228e-18
-3.203321465561203e-17
-5.666741893662577e-17
-8.170629524447042e-17
-1.073331489869527e-16
-1.337383892144294e-16
-1.611210357769569e-16
-1.896903339691785e-16
-2.196674915065348e-16
-2.512875541737979e-16
-2.848014381639279e-16
-3.204781390028285e-16
-3.586071390572900e-16
-3.995010379756323e-16
-4.434984330428938e-16
-4.909670793780441e-16
-5.423073631968708e-16
-5.979561250526915e-16
-6.583908740948086e-16
-7.241344390043145e-16
-7.957601064376886e-16
-8.738973035970546e-16
-9.592378880267480e-16
-1.052543114992959e-15
-1.154651360931129e-15
-1.266486690550725e-15
-1.389068365388503e-15
-1.523521403033915e-15
-1.671088309065296e-15
-1.833142118103306e-15
-2.011200896500863e-15
-2.206943877262600e-15
-2.422229418065542e-15
-2.659114996010722e-15
-2.919879478282623e-15
-3.207047936578730e-15
-3.523419305389028e-15
-3.872097220399377e-15
-4.256524413964971e-15
-4.680521090316688e-15
-5.148327754563490e-15
-5.664653027360409e-15
-6.234727042139793e-15
-6.864361094975847e-15
-7.560014299511061e-15
-8.328868092096874e-15
-9.178909536722705e-15
-1.011902449693563e-14
-1.115910187449400e-14
-1.231015026388427e-14
-1.358442854024828e-14
-1.499559208819602e-14
-1.655885659322222e-14
-1.829118155918483e-14
-2.021147598814397e-14
-2.234082896688763e-14
-2.470276825232117e-14
-2.732355034082856e-14
-3.023248595069039e-14
-3.346230534843921e-14
-3.704956851733424e-14
-4.103512580767533e-14
-4.546463543436902e-14
-5.038914500827513e-14
-5.586574521721006e-14
-6.195830482462192e-14
-6.873829734544410e-14
-7.628573110830987e-14
-8.469019594260583e-14
-9.405204146214462e-14
-1.044837038823173e-13
-1.161112005360619e-13
-1.290758137818784e-13
-1.435359888654592e-13
-1.596694735520771e-13
-1.776757310429741e-13
-1.977786618864403e-13
-2.202296753624101e-13
-2.453111562373437e-13
-2.733403789442247e-13
-3.046739282437568e-13
-3.397126933850085e-13
-3.789075118412746e-13
-4.227655490034188e-13
-4.718575119439760e-13
-5.268258087215249e-13
-5.883937799057521e-13
-6.573761463317148e-13
-7.346908368373402e-13
-8.213723822448756e-13
-9.185870875082096e-13
-1.027650223214223e-12
-1.150045511013547e-12
-1.287447215655487e-12
-1.441745199790844e-12
-1.615073347361537e-12
-1.809841818107856e-12
-2.028773660514148e-12
-2.274946384553624e-12
-2.551839180227659e-12
-2.863386564668039e-12
-3.214039351254889e-12
-3.608833960834419e-12
-4.053471240038374e-12
-4.554406117599442e-12
-5.118949619514108e-12
-5.755384981480007e-12
-6.473099846315839e-12
-7.282736819760617e-12
-8.196364985557192e-12
-9.227675356282008e-12
-1.039220366716257e-11
-1.170758441438815e-11
-1.319384060668764e-11
-1.487371435019107e-11
-1.677304413445646e-11
-1.892119554661246e-11
-2.135155312766281e-11
-2.410208221952670e-11
-2.721597095574761e-11
-3.074236404884951e-11
-3.473720175290877e-11
-3.926417936553205e-11
-4.439584491892999e-11
-5.021485534120523e-11
-5.681541439956972e-11
-6.430491922853305e-11
-7.280584626937082e-11
-8.245791208478379e-11
-9.342054985995298e-11
-1.058757485685798e-10
-1.200313088978141e-10
-1.361245782373045e-10
-1.544267365165333e-10
-1.752477156200001e-10
-1.989418477522364e-10
-2.259143527314494e-10
-2.566287910719505e-10
-2.916156292312979e-10
-3.314820859659775e-10
-3.769234548443960e-10
-4.287361281711572e-10
-4.878325825362561e-10
-5.552586266771545e-10
-6.322132592143269e-10
-7.200715381190835e-10
-8.204109266911059e-10
-9.350416537520605e-10
-1.066041710318293e-09
-1.215797203082578e-09
-1.387048898804185e-09
-1.582945925731110e-09
-1.807107751432267e-09
-2.063695734366750e-09
-2.357495753201854e-09
-2.694013658022231e-09
-3.079585566643501e-09
-3.521505353664884e-09
-4.028172057147522e-09
-4.609260366620345e-09
-5.275917866690299e-09
-6.040993304778254e-09
-6.919300843330729e-09
-7.927926062532955e-09
-9.086580418081666e-09
-1.041801195219713e-08
-1.194848133076671e-08
-1.370831376574189e-08
-1.573253911526606e-08
-1.806163447618008e-08
-2.074238594335490e-08
-2.382888896492397e-08
-2.738370993893896e-08
-3.147923545378967e-08
-3.619923996399387e-08
-4.164070782265959e-08
-4.791595158873441e-08
-5.515507553973083e-08
-6.350884152343851e-08
-7.315200388006712e-08
-8.428719139991032e-08
-9.714942743364722e-08
-1.120113946749695e-07
-1.291895691788037e-07
-1.490513693220978e-07
-1.720234901979680e-07
-1.986016229932471e-07
-2.293617929818450e-07
-2.649735897519476e-07
-3.062156102103992e-07
-3.539934899934076e-07
-4.093609635973617e-07
-4.735444695222804e-07
-5.479719059917650e-07
-6.343062477340899e-07
-7.344848576593457e-07
-8.507654723277216e-07
-9.857800107459051e-07
-1.142597556823432e-06
-1.324798102167219e-06
-1.536558914167995e-06
-1.782755722073117e-06
-2.069081299854290e-06
-2.402184479698638e-06
-2.789833166334369e-06
-3.241105554885641e-06
-3.766614500975674e-06
-4.378770872008272e-06
-5.092092747402317e-06
-5.923568561987288e-06
-6.893083735097682e-06
-8.023922038789364e-06
-9.343354980243037e-06
-1.088333486297879e-05
-1.268131001678406e-05
-1.478118402770654e-05
-1.723444475257144e-05
-2.010149358061607e-05
-2.345321094262858e-05
-2.737280062537191e-05
-3.195796321612152e-05
-3.732345820475720e-05
-4.360412517762799e-05
-5.095844746782168e-05
-5.957275696058260e-05
-6.966619694273563e-05
-8.149658146950843e-05
-9.536731534222513e-05
-1.116355692096235e-04
-1.307219404338792e-04
-1.531218732841873e-04
-1.794191630287090e-04
-2.103019291314760e-04
-2.465815148634278e-04
-2.892148564004456e-04
-3.393309665251023e-04
-3.982622994998685e-04
-4.675819082722039e-04
-5.491474773677201e-04
-6.451535199577477e-04
-7.581932720249826e-04
-8.913321079153653e-04
-1.048194648969892e-03
-1.233068151280626e-03
-1.451025252960344e-03
-1.708069751276867e-03
-2.011309784288136e-03
-2.369163632630222e-03
-2.791604361706485e-03
-3.290450724881613e-03
-3.879713182979323e-03
-4.576005610684902e-03
-5.399035311866940e-03
-6.372186419959360e-03
-7.523214696330880e-03
-8.885075255003823e-03
-1.049690895145654e-02
-1.240521821506101e-02
-1.466526914542420e-02
-1.734276393261609e-02
-2.051583634059315e-02
-2.427743340148436e-02
-2.873815895402706e-02
-3.402966964143884e-02
-4.030873196696843e-02
-4.776207059693967e-02
-5.661216403329124e-02
-6.712417493248429e-02
-7.961423978840149e-02
-9.445938770541601e-02
-1.121094121102651e-01
-1.331010843529931e-01
-1.580751764790519e-01
-1.877968547339924e-01
-2.231801188703100e-01
-2.653170990262898e-01
-3.155131866278602e-01
-3.753291742142363e-01
-4.466318183036719e-01
-5.316545278588708e-01
-6.330702288189018e-01
-7.540788749224007e-01
-8.985125816484651e-01
-1.070961971700289e+00
-1.276928059038638e+00
-1.523004890674579e+00
-1.817099243533915e+00
-2.168694976841453e+00
-2.589171216092764e+00
-3.092185450341829e+00
-3.694134930070676e+00
-4.414712543081910e+00
