-1.076202745763004e-13
-1.220712533947461e-13
-1.384266032375788e-13
-1.569323809094745e-13
-1.778657800954265e-13
-2.015389855626264e-13
-2.283034933782702e-13
-2.585549520931222e-13
-2.927385861474257e-13
-3.313552697654872e-13
-3.749683273937538e-13
-4.242111453885163e-13
-4.797956892656506e-13
-5.425220314884488e-13
-6.132890066029890e-13
-6.931061236577299e-13
-7.831068804022725e-13
-8.845636398997578e-13
-9.989042480748352e-13
-1.127730590537054e-12
-1.272839308969186e-12
-1.436244921673414e-12
-1.620205619768441e-12
-1.827252040295789e-12
-2.060219350418798e-12
-2.322283013305105e-12
-2.616998646530642e-12
-2.948346428317990e-12
-3.320780556055274e-12
-3.739284315801091e-12
-4.209431381384433e-12
-4.737454027819890e-12
-5.330319016696083e-12
-5.995811991642534e-12
-6.742631310673995e-12
-7.580492339971477e-12
-8.520243341374421e-12
-9.573994204500477e-12
-1.075525940505152e-11
-1.207911671466104e-11
-1.356238334587711e-11
-1.522381138992979e-11
-1.708430459633823e-11
-1.916715875382179e-11
-2.149832816319090e-11
-2.410672094690847e-11
-2.702452621894541e-11
-3.028757644478735e-11
-3.393574865751489e-11
-3.801340856456402e-11
-4.256990198412737e-11
-4.766009849343851e-11
-5.334499265702733e-11
-5.969236873530779e-11
-6.677753535680986e-11
-7.468413727563447e-11
-8.350505203423532e-11
-9.334338011592394e-11
-1.043135380074059e-10
-1.165424645055683e-10
-1.301709516016877e-10
-1.453551123675818e-10
-1.622679994603039e-10
-1.811013891635001e-10
-2.020677473040626e-10
-2.254023949327103e-10
-2.513658933475812e-10
-2.802466698831337e-10
-3.123639078956437e-10
-3.480707265653527e-10
-3.877576785194754e-10
-4.318565958758533e-10
-4.808448181322287e-10
-5.352498383999313e-10
-5.956544078237584e-10
-6.627021416647159e-10
-7.371036744725522e-10
-8.196434160669845e-10
-9.111869647078955e-10
-1.012689238895211e-09
-1.125203394731613e-09
-1.249890601739378e-09
-1.388030756484594e-09
-1.541034220367206e-09
-1.710454675526585e-09
-1.898003201036514e-09
-2.105563680468628e-09
-2.335209661543819e-09
-2.589222799022777e-09
-2.870113023270238e-09
-3.180640589129163e-09
-3.523840172928246e-09
-3.903047199695675e-09
-4.321926598042284e-09
-4.784504196792501e-09
-5.295200995374948e-09
-5.858870559330412e-09
-6.480839813159049e-09
-7.166953525219238e-09
-7.923622803627307e-09
-8.757877948213285e-09
-9.677426031698785e-09
-1.069071361351865e-08
-1.180699502226176e-08
-1.303640667771552e-08
-1.439004796113695e-08
-1.588006918282021e-08
-1.751976723948048e-08
-1.932368960062406e-08
-2.130774731315506e-08
-2.348933776719024e-08
-2.588747802367659e-08
-2.852294956617661e-08
-3.141845540537438e-08
-3.459879053576434e-08
-3.809102681989231e-08
-4.192471345677156e-08
-4.613209427801711e-08
-5.074834320818599e-08
-5.581181932517146e-08
-6.136434306264578e-08
-6.745149520992355e-08
-7.412294048564416e-08
-8.143277759081145e-08
-8.943991778448080e-08
-9.820849417223365e-08
-1.078083040540746e-07
-1.183152868450975e-07
-1.298120402597251e-07
-1.423883776392502e-07
-1.561419295032905e-07
-1.711787926194303e-07
-1.876142301123638e-07
-2.055734263750245e-07
-2.251923008002859e-07
-2.466183846235767e-07
-2.700117654550591e-07
-2.955461043856790e-07
-3.234097308753180e-07
-3.538068209744138e-07
-3.869586647936557e-07
-4.231050295207883e-07
-4.625056246900971e-07
-5.054416768399963e-07
-5.522176211481623e-07
-6.031629181133271e-07
-6.586340038589541e-07
-7.190163831680214e-07
-7.847268749212292e-07
-8.562160202041325e-07
-9.339706639737872e-07
-1.018516721833203e-06
-1.110422144154044e-06
-1.210300090515746e-06
-1.318812328193891e-06
-1.436672869234038e-06
-1.564651861490155e-06
-1.703579749891415e-06
-1.854351725128299e-06
-2.017932477920524e-06
-2.195361278046856e-06
-2.387757398381328e-06
-2.596325905294062e-06
-2.822363837938428e-06
-3.067266800161713e-06
-3.332535990045215e-06
-3.619785693402643e-06
-3.930751268945145e-06
-4.267297654257671e-06
-4.631428423226405e-06
-5.025295427112434e-06
-5.451209053082505e-06
-5.911649135686720e-06
-6.409276558513791e-06
-6.946945585060869e-06
-7.527716959725261e-06
-8.154871821761954e-06
-8.831926477053476e-06
-9.562648074608034e-06
-1.035107123683786e-05
-1.120151569487362e-05
-1.211860498244066e-05
-1.310728624416014e-05
-1.417285121654161e-05
-1.532095844240134e-05
-1.655765678197445e-05
-1.788941028658603e-05
-1.932312450340091e-05
-2.086617428249395e-05
-2.252643316025275e-05
-2.431230439595691e-05
-2.623275374126024e-05
-2.829734402522872e-05
-3.051627164056639e-05
-3.290040501967216e-05
-3.546132519222439e-05
-3.821136851907174e-05
-4.116367170031103e-05
-4.433221915856586e-05
-4.773189290160687e-05
-5.137852497160362e-05
-5.528895259143352e-05
-5.948107612159372e-05
-6.397391994437565e-05
-6.878769639502321e-05
-7.394387286263168e-05
-7.946524218652218e-05
-8.537599647672972e-05
-9.170180449008014e-05
-9.846989269606831e-05
-1.057091301693780e-04
-1.134501174484000e-04
-1.217252795014681e-04
-1.305689629447463e-04
-1.400175376577477e-04
-1.501095029443053e-04
-1.608855983884553e-04
-1.723889195560935e-04
-1.846650386944072e-04
-1.977621305819707e-04
-2.117311036829376e-04
-2.266257367590446e-04
-2.425028210930006e-04
-2.594223084763779e-04
-2.774474651142429e-04
-2.966450315974350e-04
-3.170853890916652e-04
-3.388427318903141e-04
-3.619952464750661e-04
-3.866252972251868e-04
-4.128196189123449e-04
-4.406695161133998e-04
-4.702710696683984e-04
-5.017253503052062e-04
-5.351386395456875e-04
-5.706226580010415e-04
-6.082948011558994e-04
-6.482783827318919e-04
-6.907028857117019e-04
-7.357042210940927e-04
-7.834249944388396e-04
-8.340147802481522e-04
-8.876304042177397e-04
-9.444362333762196e-04
-1.004604474116234e-03
-1.068315478104023e-03
-1.135758056036658e-03
-1.207129799197409e-03
-1.282637408739736e-03
-1.362497032609451e-03
-1.446934609992297e-03
-1.536186223150582e-03
-1.630498456487975e-03
-1.730128762655368e-03
-1.835345835483542e-03
-1.946429989499871e-03
-2.063673545756236e-03
-2.187381223664409e-03
-2.317870538502499e-03
-2.455472204222358e-03
-2.600530541152867e-03
-2.753403888157404e-03
-2.914465018766505e-03
-3.084101560767499e-03
-3.262716418692919e-03
-3.450728198608323e-03
-3.648571634557120e-03
-3.856698015977055e-03
-4.075575615357561e-03
-4.305690115361856e-03
-4.547545034590842e-03
-4.801662151117769e-03
-5.068581922874744e-03
-5.348863903922154e-03
-5.643087155582417e-03
-5.951850651369025e-03
-6.275773674589989e-03
-6.615496207454232e-03
-6.971679310456656e-03
-7.345005490766525e-03
-7.736179058290924e-03
-8.145926468033637e-03
-8.574996647318098e-03
-9.024161306391030e-03
-9.494215230873692e-03
-9.985976554476431e-03
-1.050028701034366e-02
-1.103801215934846e-02
-1.160004159360791e-02
-1.218728911344657e-02
-1.280069287598980e-02
-1.344121551352798e-02
-1.410984421975247e-02
-1.480759080192569e-02
-1.553549169701418e-02
-1.629460794977923e-02
-1.708602515079164e-02
-1.791085333231095e-02
-1.877022681994507e-02
-1.966530403799023e-02
-2.059726726633259e-02
-2.156732234678486e-02
-2.257669833672366e-02
-2.362664710789099e-02
-2.471844288822864e-02
-2.585338174461964e-02
-2.703278100442897e-02
-2.825797861375085e-02
-2.953033243029939e-02
-3.085121944890984e-02
-3.222203495765436e-02
-3.364419162262513e-02
-3.511911849948467e-02
-3.664825996994608e-02
-3.823307460141061e-02
-3.987503392806253e-02
-4.157562115180552e-02
-4.333632976151076e-02
-4.515866206914600e-02
-4.704412766146109e-02
-4.899424176601461e-02
-5.101052353045472e-02
-5.309449421409034e-02
-5.524767529093291e-02
-5.747158646353425e-02
-5.976774358709965e-02
-6.213765650352410e-02
-6.458282678516661e-02
-6.710474538836304e-02
-6.970489021686621e-02
-7.238472359559579e-02
-7.514568965529334e-02
-7.798921162888348e-02
-8.091668906056806e-02
-8.392949492890947e-02
-8.702897268538885e-02
-9.021643321017674e-02
-9.349315168709298e-02
-9.686036439999578e-02
-1.003192654530976e-01
-1.038710034179700e-01
-1.075166779102756e-01
-1.112573360995360e-01
-1.150939691555273e-01
-1.190275086351758e-01
-1.230588228141110e-01
-1.271887129673248e-01
-1.314179096036654e-01
-1.357470686591961e-01
-1.401767676547249e-01
-1.447075018231091e-01
-1.493396802122242e-01
-1.540736217697617e-01
-1.589095514163178e-01
-1.638475961134922e-01
-1.688877809340055e-01
-1.740300251410985e-01
-1.792741382847367e-01
-1.846198163224014e-01
-1.900666377724812e-01
-1.956140599085158e-01
-2.012614150027687e-01
-2.070079066278048e-01
-2.128526060249605e-01
-2.187944485487649e-01
-2.248322301965462e-01
-2.309646042326149e-01
-2.371900779165387e-01
-2.435070093451621e-01
-2.499136044181055e-01
-2.564079139365794e-01
-2.629878308453920e-01
-2.696510876280843e-01
-2.763952538651373e-01
-2.832177339651918e-01
-2.901157650791986e-01
-2.970864152073572e-01
-3.041265815086315e-01
-3.112329888225280e-01
-3.184021884126847e-01
-3.256305569416810e-01
-3.329142956862778e-01
-3.402494300021016e-01
-3.476318090465488e-01
-3.550571057684077e-01
-3.625208171724251e-01
-3.700182648667003e-01
-3.775445959004551e-01
-3.850947838993496e-01
-3.926636305050923e-01
-4.002457671256856e-01
-4.078356570021601e-01
-4.154275975971785e-01
-4.230157233103746e-01
-4.305940085247379e-01
-4.381562709878085e-01
-4.456961755308348e-01
-4.532072381284450e-01
-4.606828303007425e-01
-4.681161838590679e-01
-4.755003959960024e-01
-4.828284347194718e-01
-4.900931446301042e-01
-4.972872530402568e-01
-5.044033764323647e-01
-5.114340272535186e-01
-5.183716210423845e-01
-5.252084838838034e-01
-5.319368601856015e-01
-5.385489207713490e-01
-5.450367712819918e-01
-5.513924608784673e-01
-5.576079912366106e-01
-5.636753258248401e-01
-5.695863994543042e-01
-5.753331280903770e-01
-5.809074189135819e-01
-5.863011806172533e-01
-5.915063339284600e-01
-5.965148223379639e-01
-6.013186230242497e-01
-6.059097579559219e-01
-6.102803051560890e-01
-6.144224101116532e-01
-6.183282973097873e-01
-6.219902818832538e-01
-6.254007813456189e-01
-6.285523273968656e-01
-6.314375777793714e-01
-6.340493281637334e-01
-6.363805240434673e-01
-6.384242726171951e-01
-6.401738546365673e-01
-6.416227361978395e-01
-6.427645804547435e-01
-6.435932592300549e-01
-6.441028645030842e-01
-6.442877197501679e-01
-6.441423911151717e-01
-6.436616983869665e-01
-6.428407257608719e-01
-6.416748323611331e-01
-6.401596625016225e-01
-6.382911556621508e-01
-6.360655561580023e-01
-6.334794224806127e-01
-6.305296362876556e-01
-6.272134110212100e-01
-6.235283001331491e-01
-6.194722048974004e-01
-6.150433817893075e-01
-6.102404494129461e-01
-6.050623949579199e-01
-5.995085801679108e-01
-5.935787468040113e-01
-5.872730215867292e-01
-5.805919206014061e-01
-5.735363531527293e-01
-5.661076250549897e-01
-5.583074413457295e-01
-5.501379084114995e-01
-5.416015355155167e-01
-5.327012357181404e-01
-5.234403261822529e-01
-5.138225278567989e-01
-5.038519645329771e-01
-4.935331612687949e-01
-4.828710421789696e-01
-4.718709275884460e-01
-4.605385305490744e-01
-4.488799527203336e-01
-4.369016796162629e-01
-4.246105752221258e-01
-4.120138759856334e-01
-3.991191841888735e-01
-3.859344607084442e-01
-3.724680171725575e-01
-3.587285075252229e-01
-3.447249190088812e-01
-3.304665625781258e-01
-3.159630627584244e-01
-3.012243469649322e-01
-2.862606342977257e-01
-2.710824238309219e-01
-2.557004824142735e-01
-2.401258320069551e-01
-2.243697365642544e-01
-2.084436884989400e-01
-1.923593947400073e-01
-1.761287624124147e-01
-1.597638841623162e-01
-1.432770231530523e-01
-1.266805977579624e-01
-1.099871659767456e-01
-9.320940960272388e-02
-7.636011816897334e-02
-5.945217270173665e-02
-4.249852931003840e-02
-2.551220264073942e-02
-8.506249228629911e-03
8.506249228630854e-03
2.551220264073942e-02
4.249852931003840e-02
5.945217270173665e-02
7.636011816897240e-02
9.320940960272481e-02
1.099871659767456e-01
1.266805977579624e-01
1.432770231530514e-01
1.597638841623153e-01
1.761287624124156e-01
1.923593947400073e-01
2.084436884989400e-01
2.243697365642536e-01
2.401258320069543e-01
2.557004824142743e-01
2.710824238309219e-01
2.862606342977257e-01
3.012243469649314e-01
3.159630627584236e-01
3.304665625781266e-01
3.447249190088812e-01
3.587285075252229e-01
3.724680171725567e-01
3.859344607084435e-01
3.991191841888743e-01
4.120138759856334e-01
4.246105752221258e-01
4.369016796162621e-01
4.488799527203329e-01
4.605385305490751e-01
4.718709275884460e-01
4.828710421789696e-01
4.935331612687943e-01
5.038519645329764e-01
5.138225278567989e-01
5.234403261822529e-01
5.327012357181404e-01
5.416015355155163e-01
5.501379084114989e-01
5.583074413457295e-01
5.661076250549897e-01
5.735363531527293e-01
5.805919206014057e-01
5.872730215867289e-01
5.935787468040113e-01
5.995085801679108e-01
6.050623949579199e-01
6.102404494129459e-01
6.150433817893080e-01
6.194722048974004e-01
6.235283001331491e-01
6.272134110212100e-01
6.305296362876553e-01
6.334794224806128e-01
6.360655561580023e-01
6.382911556621508e-01
6.401596625016225e-01
6.416748323611331e-01
6.428407257608721e-01
6.436616983869665e-01
6.441423911151717e-01
6.442877197501679e-01
6.441028645030841e-01
6.435932592300552e-01
6.427645804547435e-01
6.416227361978395e-01
6.401738546365673e-01
6.384242726171953e-01
6.363805240434673e-01
6.340493281637334e-01
6.314375777793714e-01
6.285523273968657e-01
6.254007813456192e-01
6.219902818832537e-01
6.183282973097873e-01
6.144224101116532e-01
6.102803051560893e-01
6.059097579559223e-01
6.013186230242494e-01
5.965148223379639e-01
5.915063339284600e-01
5.863011806172537e-01
5.809074189135822e-01
5.753331280903767e-01
5.695863994543042e-01
5.636753258248401e-01
5.576079912366110e-01
5.513924608784676e-01
5.450367712819914e-01
5.385489207713490e-01
5.319368601856015e-01
5.252084838838037e-01
5.183716210423850e-01
5.114340272535183e-01
5.044033764323647e-01
4.972872530402568e-01
4.900931446301046e-01
4.828284347194721e-01
4.755003959960024e-01
4.681161838590679e-01
4.606828303007425e-01
4.532072381284453e-01
4.456961755308353e-01
4.381562709878085e-01
4.305940085247379e-01
4.230157233103746e-01
4.154275975971790e-01
4.078356570021597e-01
4.002457671256856e-01
3.926636305050923e-01
3.850947838993496e-01
3.775445959004556e-01
3.700182648666999e-01
3.625208171724251e-01
3.550571057684077e-01
3.476318090465488e-01
3.402494300021021e-01
3.329142956862774e-01
3.256305569416810e-01
3.184021884126847e-01
3.112329888225280e-01
3.041265815086318e-01
2.970864152073568e-01
2.901157650791986e-01
2.832177339651918e-01
2.763952538651373e-01
2.696510876280846e-01
2.629878308453916e-01
2.564079139365794e-01
2.499136044181055e-01
2.435070093451621e-01
2.371900779165391e-01
2.309646042326146e-01
2.248322301965462e-01
2.187944485487649e-01
2.128526060249608e-01
2.070079066278051e-01
2.012614150027684e-01
1.956140599085158e-01
1.900666377724812e-01
1.846198163224017e-01
1.792741382847370e-01
1.740300251410983e-01
1.688877809340055e-01
1.638475961134922e-01
1.589095514163180e-01
1.540736217697621e-01
1.493396802122239e-01
1.447075018231091e-01
1.401767676547249e-01
1.357470686591964e-01
1.314179096036657e-01
1.271887129673246e-01
1.230588228141110e-01
1.190275086351758e-01
1.150939691555275e-01
1.112573360995362e-01
1.075166779102754e-01
1.038710034179700e-01
1.003192654530976e-01
9.686036439999596e-02
9.349315168709320e-02
9.021643321017674e-02
8.702897268538885e-02
8.392949492890947e-02
8.091668906056822e-02
7.798921162888366e-02
7.514568965529334e-02
7.238472359559579e-02
6.970489021686621e-02
6.710474538836320e-02
6.458282678516673e-02
6.213765650352410e-02
5.976774358709965e-02
5.747158646353425e-02
5.524767529093302e-02
5.309449421409022e-02
5.101052353045472e-02
4.899424176601461e-02
4.704412766146109e-02
4.515866206914610e-02
4.333632976151066e-02
4.157562115180552e-02
3.987503392806253e-02
3.823307460141061e-02
3.664825996994616e-02
3.511911849948459e-02
3.364419162262513e-02
3.222203495765436e-02
3.085121944890984e-02
2.953033243029946e-02
2.825797861375078e-02
2.703278100442897e-02
2.585338174461964e-02
2.471844288822864e-02
2.362664710789105e-02
2.257669833672360e-02
2.156732234678486e-02
2.059726726633259e-02
1.966530403799027e-02
1.877022681994512e-02
1.791085333231089e-02
1.708602515079164e-02
1.629460794977923e-02
1.553549169701422e-02
1.480759080192573e-02
1.410984421975243e-02
1.344121551352798e-02
1.280069287598980e-02
1.218728911344660e-02
1.160004159360794e-02
1.103801215934842e-02
1.050028701034366e-02
9.985976554476431e-03
9.494215230873715e-03
9.024161306391052e-03
8.574996647318070e-03
8.145926468033637e-03
7.736179058290924e-03
7.345005490766550e-03
6.971679310456678e-03
6.615496207454211e-03
6.275773674589989e-03
5.951850651369025e-03
5.643087155582431e-03
5.348863903922167e-03
5.068581922874744e-03
4.801662151117769e-03
4.547545034590842e-03
4.305690115361871e-03
4.075575615357574e-03
3.856698015977055e-03
3.648571634557120e-03
3.450728198608323e-03
3.262716418692929e-03
3.084101560767488e-03
2.914465018766505e-03
2.753403888157404e-03
2.600530541152867e-03
2.455472204222366e-03
2.317870538502492e-03
2.187381223664409e-03
2.063673545756236e-03
1.946429989499871e-03
1.835345835483547e-03
1.730128762655363e-03
1.630498456487975e-03
1.536186223150582e-03
1.446934609992297e-03
1.362497032609455e-03
1.282637408739731e-03
1.207129799197409e-03
1.135758056036658e-03
1.068315478104023e-03
1.004604474116237e-03
9.444362333762196e-04
8.876304042177397e-04
8.340147802481522e-04
7.834249944388396e-04
7.357042210940965e-04
6.907028857117019e-04
6.482783827318919e-04
6.082948011558994e-04
5.706226580010415e-04
5.351386395456893e-04
5.017253503052062e-04
4.702710696683984e-04
4.406695161133998e-04
4.128196189123449e-04
3.866252972251881e-04
3.619952464750661e-04
3.388427318903141e-04
3.170853890916652e-04
2.966450315974350e-04
2.774474651142438e-04
2.594223084763779e-04
2.425028210930006e-04
2.266257367590446e-04
2.117311036829376e-04
1.977621305819713e-04
1.846650386944072e-04
1.723889195560935e-04
1.608855983884553e-04
1.501095029443053e-04
1.400175376577482e-04
1.305689629447463e-04
1.217252795014681e-04
1.134501174484000e-04
1.057091301693780e-04
9.846989269606865e-05
9.170180449008014e-05
8.537599647672972e-05
7.946524218652218e-05
7.394387286263168e-05
6.878769639502342e-05
6.397391994437565e-05
5.948107612159372e-05
5.528895259143352e-05
5.137852497160389e-05
4.773189290160712e-05
4.433221915856586e-05
4.116367170031103e-05
3.821136851907174e-05
3.546132519222451e-05
3.290040501967199e-05
3.051627164056639e-05
2.829734402522872e-05
2.623275374126024e-05
2.431230439595699e-05
2.252643316025263e-05
2.086617428249395e-05
1.932312450340091e-05
1.788941028658603e-05
1.655765678197453e-05
1.532095844240126e-05
1.417285121654161e-05
1.310728624416014e-05
1.211860498244066e-05
1.120151569487368e-05
1.035107123683786e-05
9.562648074608034e-06
8.831926477053476e-06
8.154871821761954e-06
7.527716959725299e-06
6.946945585060869e-06
6.409276558513791e-06
5.911649135686720e-06
5.451209053082505e-06
5.025295427112451e-06
4.631428423226405e-06
4.267297654257671e-06
3.930751268945145e-06
3.619785693402643e-06
3.332535990045232e-06
3.067266800161713e-06
2.822363837938428e-06
2.596325905294062e-06
2.387757398381328e-06
2.195361278046863e-06
2.017932477920524e-06
1.854351725128299e-06
1.703579749891415e-06
1.564651861490155e-06
1.436672869234043e-06
1.318812328193891e-06
1.210300090515746e-06
1.110422144154044e-06
1.018516721833203e-06
9.339706639737919e-07
8.562160202041325e-07
7.847268749212292e-07
7.190163831680214e-07
6.586340038589541e-07
6.031629181133313e-07
5.522176211481623e-07
5.054416768399963e-07
4.625056246900971e-07
4.231050295207883e-07
3.869586647936583e-07
3.538068209744138e-07
3.234097308753180e-07
2.955461043856790e-07
2.700117654550601e-07
2.466183846235759e-07
2.251923008002859e-07
2.055734263750245e-07
1.876142301123638e-07
1.711787926194309e-07
1.561419295032900e-07
1.423883776392502e-07
1.298120402597251e-07
1.183152868450975e-07
1.078083040540754e-07
9.820849417223330e-08
8.943991778448080e-08
8.143277759081145e-08
7.412294048564416e-08
6.745149520992378e-08
6.136434306264557e-08
5.581181932517146e-08
5.074834320818599e-08
4.613209427801711e-08
4.192471345677171e-08
3.809102681989217e-08
3.459879053576434e-08
3.141845540537438e-08
2.852294956617661e-08
2.588747802367677e-08
2.348933776719007e-08
2.130774731315506e-08
1.932368960062406e-08
1.751976723948048e-08
1.588006918282032e-08
1.439004796113690e-08
1.303640667771552e-08
1.180699502226176e-08
1.069071361351865e-08
9.677426031698820e-09
8.757877948213285e-09
7.923622803627307e-09
7.166953525219238e-09
6.480839813159049e-09
5.858870559330432e-09
5.295200995374948e-09
4.784504196792501e-09
4.321926598042284e-09
3.903047199695675e-09
3.523840172928257e-09
3.180640589129163e-09
2.870113023270238e-09
2.589222799022777e-09
2.335209661543836e-09
2.105563680468635e-09
1.898003201036514e-09
1.710454675526585e-09
1.541034220367206e-09
1.388030756484599e-09
1.249890601739382e-09
1.125203394731613e-09
1.012689238895211e-09
9.111869647078955e-10
8.196434160669902e-10
7.371036744725575e-10
6.627021416647159e-10
5.956544078237584e-10
5.352498383999313e-10
4.808448181322321e-10
4.318565958758564e-10
3.877576785194754e-10
3.480707265653527e-10
3.123639078956437e-10
2.802466698831357e-10
2.513658933475794e-10
2.254023949327103e-10
2.020677473040626e-10
1.811013891635001e-10
1.622679994603050e-10
1.453551123675808e-10
1.301709516016877e-10
1.165424645055683e-10
1.043135380074059e-10
9.334338011592460e-11
8.350505203423474e-11
7.468413727563447e-11
6.677753535680986e-11
5.969236873530779e-11
5.334499265702771e-11
4.766009849343818e-11
4.256990198412737e-11
3.801340856456402e-11
3.393574865751489e-11
3.028757644478756e-11
2.702452621894521e-11
2.410672094690847e-11
2.149832816319090e-11
1.916715875382179e-11
1.708430459633835e-11
1.522381138992969e-11
1.356238334587711e-11
1.207911671466104e-11
1.075525940505152e-11
9.573994204500545e-12
8.520243341374361e-12
7.580492339971477e-12
6.742631310673995e-12
5.995811991642576e-12
5.330319016696119e-12
4.737454027819858e-12
4.209431381384433e-12
3.739284315801091e-12
3.320780556055298e-12
2.948346428318011e-12
2.616998646530624e-12
2.322283013305105e-12
2.060219350418798e-12
1.827252040295802e-12
1.620205619768453e-12
1.436244921673414e-12
1.272839308969186e-12
1.127730590537054e-12
9.989042480748421e-13
8.845636398997638e-13
7.831068804022725e-13
6.931061236577299e-13
6.132890066029890e-13
5.425220314884525e-13
4.797956892656539e-13
4.242111453885163e-13
3.749683273937538e-13
3.313552697654872e-13
2.927385861474278e-13
2.585549520931204e-13
2.283034933782702e-13
2.015389855626264e-13
1.778657800954265e-13
1.569323809094756e-13
1.384266032375779e-13
1.220712533947461e-13
1.076202745763004e-13
