-5.491974139378275e-12
-6.203906874892341e-12
-7.006242336120353e-12
-7.910211846013984e-12
-8.928410016811372e-12
-1.007495617195398e-11
-1.136567437813479e-11
-1.281829417195409e-11
-1.445267429189570e-11
-1.629105197629005e-11
-1.835832066398620e-11
-2.068233923924848e-11
-2.329427629878206e-11
-2.622899328994026e-11
-2.952547077851471e-11
-3.322728255583052e-11
-3.738312279231131e-11
-4.204739199273637e-11
-4.728084811205683e-11
-5.315132985525233e-11
-5.973455991619746e-11
-6.711503671533964e-11
-7.538702408117139e-11
-8.465564929371329e-11
-9.503812097791169e-11
-1.066650795100579e-10
-1.196820938911332e-10
-1.342513204580982e-10
-1.505533403595226e-10
-1.687891944283303e-10
-1.891826359559458e-10
-2.119826239239217e-10
-2.374660814977302e-10
-2.659409470509853e-10
-2.977495476862246e-10
-3.332723281719783e-10
-3.729319714481632e-10
-4.171979503877281e-10
-4.665915543693941e-10
-5.216914384432074e-10
-5.831397474899205e-10
-6.516488728207151e-10
-7.280089041735077e-10
-8.130958460761855e-10
-9.078806741089050e-10
-1.013439313755493e-09
-1.130963632337473e-09
-1.261773543030146e-09
-1.407330329226881e-09
-1.569251307609981e-09
-1.749325959274207e-09
-1.949533670205528e-09
-2.172063235425485e-09
-2.419334295256001e-09
-2.694020887534356e-09
-2.999077316315293e-09
-3.337766555742412e-09
-3.713691427473576e-09
-4.130828811428112e-09
-4.593567172820815e-09
-5.106747713607031e-09
-5.675709483733345e-09
-6.306338817141536e-09
-7.005123489483784e-09
-7.779212029164207e-09
-8.636478650835839e-09
-9.585594321062363e-09
-1.063610450974242e-08
-1.179851422833741e-08
-1.308438100720408e-08
-1.450641651970786e-08
-1.607859762056998e-08
-1.781628763042001e-08
-1.973636876812556e-08
-2.185738670751523e-08
-2.419970831600939e-08
-2.678569371982175e-08
-2.963988393425736e-08
-3.278920539867420e-08
-3.626319286438961e-08
-4.009423220075710e-08
-4.431782481034755e-08
-4.897287547927223e-08
-5.410200563380159e-08
-5.975189413023357e-08
-6.597364787219042e-08
-7.282320472888128e-08
-8.036177142020684e-08
-8.865629924071134e-08
-9.778000071519404e-08
-1.078129105152573e-07
-1.188424942191106e-07
-1.309643087676790e-07
-1.442827187595498e-07
-1.589116730366453e-07
-1.749755463430402e-07
-1.926100511922113e-07
-2.119632254546481e-07
-2.331965015794785e-07
-2.564858637921216e-07
-2.820231000664250e-07
-3.100171561559583e-07
-3.406955994867189e-07
-3.743062012642947e-07
-4.111186457342289e-07
-4.514263761569715e-07
-4.955485877202502e-07
-5.438323783141383e-07
-5.966550688393961e-07
-6.544267055104898e-07
-7.175927574527660e-07
-7.866370237814911e-07
-8.620847652909666e-07
-9.445060768772107e-07
-1.034519517870777e-06
-1.132796018569145e-06
-1.240063082434250e-06
-1.357109304662479e-06
-1.484789229144726e-06
-1.624028567216323e-06
-1.775829803053067e-06
-1.941278212104075e-06
-2.121548320567332e-06
-2.317910835612791e-06
-2.531740077844432e-06
-2.764521949369300e-06
-3.017862472811921e-06
-3.293496938680200e-06
-3.593299700655762e-06
-3.919294660653682e-06
-4.273666487873153e-06
-4.658772618548762e-06
-5.077156085712469e-06
-5.531559230992313e-06
-6.024938353309887e-06
-6.560479352295172e-06
-7.141614427319488e-06
-7.772039896255795e-06
-8.455735201413596e-06
-9.196983173565881e-06
-1.000039162858817e-05
-1.087091637496881e-05
-1.181388571432399e-05
-1.283502652106470e-05
-1.394049199151167e-05
-1.513689115704617e-05
-1.643132026031064e-05
-1.783139609803889e-05
-1.934529143879938e-05
-2.098177262876857e-05
-2.275023950362454e-05
-2.466076772974733e-05
-2.672415370313803e-05
-2.895196213981490e-05
-3.135657649690399e-05
-3.395125236921684e-05
-3.675017401177759e-05
-3.976851414453336e-05
-4.302249720133346e-05
-4.652946619118920e-05
-5.030795334582227e-05
-5.437775473354588e-05
-5.876000902560659e-05
-6.347728060720982e-05
-6.855364723155647e-05
-7.401479242130900e-05
-7.988810282795540e-05
-8.620277076554298e-05
-9.298990214116882e-05
-1.002826300104254e-04
-1.081162339916886e-04
-1.165282657786453e-04
-1.255586809958019e-04
-1.352499776468012e-04
-1.456473414102305e-04
-1.567987980421465e-04
-1.687553731487497e-04
-1.815712595964746e-04
-1.953039928301695e-04
-2.100146343729701e-04
-2.257679637839038e-04
-2.426326793511014e-04
-2.606816077997297e-04
-2.799919232943071e-04
-3.006453760148686e-04
-3.227285305854692e-04
-3.463330146316874e-04
-3.715557777409649e-04
-3.984993610959361e-04
-4.272721780459878e-04
-4.579888058763765e-04
-4.907702890270656e-04
-5.257444540049223e-04
-5.630462362231756e-04
-6.028180189906914e-04
-6.452099848608759e-04
-6.903804795356286e-04
-7.384963885035969e-04
-7.897335265742567e-04
-8.442770404494554e-04
-9.023218244525054e-04
-9.640729495111731e-04
-1.029746105465006e-03
-1.099568056739560e-03
-1.173777111399606e-03
-1.252623603560781e-03
-1.336370389104027e-03
-1.425293354599367e-03
-1.519681939305349e-03
-1.619839670067458e-03
-1.726084708893008e-03
-1.838750412931533e-03
-1.958185906538102e-03
-2.084756665042584e-03
-2.218845109790478e-03
-2.360851213960407e-03
-2.511193118599787e-03
-2.670307758253501e-03
-2.838651495490423e-03
-3.016700763559876e-03
-3.204952716333521e-03
-3.403925884609299e-03
-3.614160837771083e-03
-3.836220849712266e-03
-4.070692567842895e-03
-4.318186683907903e-03
-4.579338605249722e-03
-4.854809125050446e-03
-5.145285089988781e-03
-5.451480063643718e-03
-5.774134983871320e-03
-6.114018812273241e-03
-6.471929173765163e-03
-6.848692984141099e-03
-7.245167063415828e-03
-7.662238732611557e-03
-8.100826391538573e-03
-8.561880075000998e-03
-9.046381984740139e-03
-9.555346994309004e-03
-1.008982312395131e-02
-1.065089198244017e-02
-1.123966917271244e-02
-1.185730465801705e-02
-1.250498308518047e-02
-1.318392406147745e-02
-1.389538238148427e-02
-1.464064820018287e-02
-1.542104714847815e-02
-1.623794038719102e-02
-1.709272459549223e-02
-1.798683188965033e-02
-1.892172966788276e-02
-1.989892037701854e-02
-2.091994119661000e-02
-2.198636363606731e-02
-2.309979304033200e-02
-2.426186799956204e-02
-2.547425965826230e-02
-2.673867091926958e-02
-2.805683553798800e-02
-2.943051710226596e-02
-3.086150789332054e-02
-3.235162762313645e-02
-3.390272204380785e-02
-3.551666142434694e-02
-3.719533889054991e-02
-3.894066862360425e-02
-4.075458391322049e-02
-4.263903506119890e-02
-4.459598713148358e-02
-4.662741754291529e-02
-4.873531350108230e-02
-5.092166926586681e-02
-5.318848325151198e-02
-5.553775495628435e-02
-5.797148171906968e-02
-6.049165530054205e-02
-6.310025828685482e-02
-6.579926031414961e-02
-6.859061411253890e-02
-7.147625136861092e-02
-7.445807840592046e-02
-7.753797168336278e-02
-8.071777311180024e-02
-8.399928518979194e-02
-8.738426595979325e-02
-9.087442378673359e-02
-9.447141196143206e-02
-9.817682313190963e-02
-1.019921835662507e-01
-1.059189472513081e-01
-1.099584898321935e-01
-1.141121023981655e-01
-1.183809851212282e-01
-1.227662407544536e-01
-1.272688679977791e-01
-1.318897547397722e-01
-1.366296711846089e-01
-1.414892628742970e-01
-1.464690436169404e-01
-1.515693883326489e-01
-1.567905258294893e-01
-1.621325315226758e-01
-1.675953201110148e-01
-1.731786382254104e-01
-1.788820570650633e-01
-1.847049650377733e-01
-1.906465604215660e-01
-1.967058440656416e-01
-2.028816121494039e-01
-2.091724490190968e-01
-2.155767201222910e-01
-2.220925650611847e-01
-2.287178907863644e-01
-2.354503649533158e-01
-2.422874094646113e-01
-2.492261942212694e-01
-2.562636311073300e-01
-2.633963682321976e-01
-2.706207844557355e-01
-2.779329842215199e-01
-2.853287927239856e-01
-2.928037514354951e-01
-3.003531140195900e-01
-3.079718426568255e-01
-3.156546048097062e-01
-3.233957704532291e-01
-3.311894097975058e-01
-3.390292915287885e-01
-3.469088815949992e-01
-3.548213425615739e-01
-3.627595335630234e-01
-3.707160108751402e-01
-3.786830291322115e-01
-3.866525432129074e-01
-3.946162108177756e-01
-4.025653957603823e-01
-4.104911719931890e-01
-4.183843283881906e-01
-4.262353742911575e-01
-4.340345458670732e-01
-4.417718132529679e-01
-4.494368885328899e-01
-4.570192345481669e-01
-4.645080745544342e-01
-4.718924027351386e-01
-4.791609955793302e-01
-4.863024241296072e-01
-4.933050671039898e-01
-5.001571248933587e-01
-5.068466344338449e-01
-5.133614849512235e-01
-5.196894345719726e-01
-5.258181277931570e-01
-5.317351138007590e-01
-5.374278656234622e-01
-5.428838001062046e-01
-5.480902986851114e-01
-5.530347289426301e-01
-5.577044669188818e-01
-5.620869201524136e-01
-5.661695514206505e-01
-5.699399031474913e-01
-5.733856224425836e-01
-5.764944867339495e-01
-5.792544299527560e-01
-5.816535692261692e-01
-5.836802320314300e-01
-5.853229837614964e-01
-5.865706556498858e-01
-5.874123729996826e-01
-5.878375836590874e-01
-5.878360866833818e-01
-5.873980611207630e-01
-5.865140948572024e-01
-5.851752134532845e-01
-5.833729089039169e-01
-5.810991682498705e-01
-5.783465019683313e-01
-5.751079720680092e-01
-5.713772198128995e-01
-5.671484929975039e-01
-5.624166726952278e-01
-5.571772994007638e-01
-5.514265984865834e-01
-5.451615048931676e-01
-5.383796869723553e-01
-5.310795694031341e-01
-5.232603550994277e-01
-5.149220460298374e-01
-5.060654628700133e-01
-4.966922634092499e-01
-4.868049596340911e-01
-4.764069334131940e-01
-4.655024507093893e-01
-4.540966742468701e-01
-4.421956745636618e-01
-4.298064393820208e-01
-4.169368812321928e-01
-4.035958432679450e-01
-3.897931032156010e-01
-3.755393754018146e-01
-3.608463108090939e-01
-3.457264951121391e-01
-3.301934446522710e-01
-3.142616003117615e-01
-2.979463192545340e-01
-2.812638645046650e-01
-2.642313923391998e-01
-2.468669374771038e-01
-2.291893960516753e-01
-2.112185063593416e-01
-1.929748273835923e-01
-1.744797150987024e-01
-1.557552965639244e-01
-1.368244418250080e-01
-1.177107336460719e-01
-9.843843510119142e-02
-7.903245506136410e-02
-5.951831161887382e-02
-3.992209349748040e-02
-2.027041950315300e-02
-5.903960764525143e-04
1.909042698610933e-02
3.874410256820584e-02
5.834233394767079e-02
7.785652410273119e-02
9.725782651901931e-02
1.165171974002411e-01
1.356054491798752e-01
1.544933052259434e-01
1.731514556258744e-01
1.915506139335804e-01
2.096615747563613e-01
2.274552720548972e-01
2.449028380256382e-01
2.619756624312182e-01
2.786454522411484e-01
2.948842914421035e-01
3.106647008744384e-01
3.259596979493555e-01
3.407428560992888e-01
3.549883638125901e-01
3.686710831026149e-01
3.817666072606440e-01
3.942513177419354e-01
4.061024400344521e-01
4.172980983604961e-01
4.278173690626750e-01
4.376403325271845e-01
4.467481234994851e-01
4.551229796499434e-01
4.627482882499590e-01
4.696086308225203e-01
4.756898256349533e-01
4.809789679059164e-01
4.854644676033957e-01
4.891360847155544e-01
4.919849618818285e-01
4.940036542775482e-01
4.951861566516633e-01
4.955279274237807e-01
4.950259097537140e-01
4.936785495040454e-01
4.914858100238155e-01
4.884491836893449e-01
4.845717001463413e-01
4.798579312058396e-01
4.743139923551052e-01
4.679475408534362e-01
4.607677703917177e-01
4.527854023036782e-01
4.440126733259671e-01
4.344633199134197e-01
4.241525591252035e-01
4.130970661068251e-01
4.013149482023208e-01
3.888257157401996e-01
3.756502495459013e-01
3.618107652426573e-01
3.473307744115656e-01
3.322350426905398e-01
3.165495449003869e-01
3.003014172946675e-01
2.835189070381846e-01
2.662313190267851e-01
2.484689601687988e-01
2.302630812556768e-01
2.116458165563132e-01
1.926501212761165e-01
1.733097070280068e-01
1.536589754683159e-01
1.337329502558440e-01
1.135672074971954e-01
9.319780484594797e-02
7.266120942706858e-02
5.199422476147860e-02
3.123391686851639e-02
1.041753972650812e-02
-1.041753972650927e-02
-3.123391686851639e-02
-5.199422476147860e-02
-7.266120942706858e-02
-9.319780484594682e-02
-1.135672074971966e-01
-1.337329502558440e-01
-1.536589754683159e-01
-1.733097070280057e-01
-1.926501212761154e-01
-2.116458165563143e-01
-2.302630812556768e-01
-2.484689601687988e-01
-2.662313190267842e-01
-2.835189070381837e-01
-3.003014172946685e-01
-3.165495449003869e-01
-3.322350426905398e-01
-3.473307744115648e-01
-3.618107652426565e-01
-3.756502495459021e-01
-3.888257157401996e-01
-4.013149482023208e-01
-4.130970661068244e-01
-4.241525591252029e-01
-4.344633199134203e-01
-4.440126733259671e-01
-4.527854023036782e-01
-4.607677703917172e-01
-4.679475408534359e-01
-4.743139923551055e-01
-4.798579312058396e-01
-4.845717001463413e-01
-4.884491836893446e-01
-4.914858100238155e-01
-4.936785495040454e-01
-4.950259097537140e-01
-4.955279274237807e-01
-4.951861566516633e-01
-4.940036542775483e-01
-4.919849618818285e-01
-4.891360847155544e-01
-4.854644676033957e-01
-4.809789679059167e-01
-4.756898256349535e-01
-4.696086308225203e-01
-4.627482882499590e-01
-4.551229796499434e-01
-4.467481234994856e-01
-4.376403325271840e-01
-4.278173690626750e-01
-4.172980983604961e-01
-4.061024400344521e-01
-3.942513177419362e-01
-3.817666072606433e-01
-3.686710831026149e-01
-3.549883638125901e-01
-3.407428560992888e-01
-3.259596979493564e-01
-3.106647008744376e-01
-2.948842914421035e-01
-2.786454522411484e-01
-2.619756624312182e-01
-2.449028380256391e-01
-2.274552720548962e-01
-2.096615747563613e-01
-1.915506139335804e-01
-1.731514556258744e-01
-1.544933052259445e-01
-1.356054491798742e-01
-1.165171974002411e-01
-9.725782651901931e-02
-7.785652410273219e-02
-5.834233394767201e-02
-3.874410256820486e-02
-1.909042698610933e-02
5.903960764525143e-04
2.027041950315195e-02
3.992209349747931e-02
5.951831161887497e-02
7.903245506136410e-02
9.843843510119142e-02
1.177107336460708e-01
1.368244418250069e-01
1.557552965639254e-01
1.744797150987024e-01
1.929748273835923e-01
2.112185063593406e-01
2.291893960516744e-01
2.468669374771048e-01
2.642313923391998e-01
2.812638645046650e-01
2.979463192545331e-01
3.142616003117605e-01
3.301934446522717e-01
3.457264951121391e-01
3.608463108090939e-01
3.755393754018138e-01
3.897931032156002e-01
4.035958432679450e-01
4.169368812321928e-01
4.298064393820208e-01
4.421956745636612e-01
4.540966742468694e-01
4.655024507093893e-01
4.764069334131940e-01
4.868049596340911e-01
4.966922634092495e-01
5.060654628700137e-01
5.149220460298374e-01
5.232603550994277e-01
5.310795694031341e-01
5.383796869723547e-01
5.451615048931679e-01
5.514265984865834e-01
5.571772994007638e-01
5.624166726952278e-01
5.671484929975038e-01
5.713772198128996e-01
5.751079720680092e-01
5.783465019683313e-01
5.810991682498705e-01
5.833729089039168e-01
5.851752134532847e-01
5.865140948572024e-01
5.873980611207630e-01
5.878360866833818e-01
5.878375836590876e-01
5.874123729996825e-01
5.865706556498858e-01
5.853229837614964e-01
5.836802320314300e-01
5.816535692261694e-01
5.792544299527559e-01
5.764944867339495e-01
5.733856224425836e-01
5.699399031474914e-01
5.661695514206508e-01
5.620869201524132e-01
5.577044669188818e-01
5.530347289426301e-01
5.480902986851117e-01
5.428838001062049e-01
5.374278656234619e-01
5.317351138007590e-01
5.258181277931570e-01
5.196894345719729e-01
5.133614849512239e-01
5.068466344338446e-01
5.001571248933587e-01
4.933050671039898e-01
4.863024241296076e-01
4.791609955793307e-01
4.718924027351383e-01
4.645080745544342e-01
4.570192345481669e-01
4.494368885328903e-01
4.417718132529683e-01
4.340345458670729e-01
4.262353742911575e-01
4.183843283881906e-01
4.104911719931894e-01
4.025653957603829e-01
3.946162108177756e-01
3.866525432129074e-01
3.786830291322115e-01
3.707160108751407e-01
3.627595335630239e-01
3.548213425615739e-01
3.469088815949992e-01
3.390292915287885e-01
3.311894097975063e-01
3.233957704532295e-01
3.156546048097062e-01
3.079718426568255e-01
3.003531140195900e-01
2.928037514354955e-01
2.853287927239851e-01
2.779329842215199e-01
2.706207844557355e-01
2.633963682321976e-01
2.562636311073304e-01
2.492261942212691e-01
2.422874094646113e-01
2.354503649533158e-01
2.287178907863644e-01
2.220925650611850e-01
2.155767201222906e-01
2.091724490190968e-01
2.028816121494039e-01
1.967058440656416e-01
1.906465604215663e-01
1.847049650377730e-01
1.788820570650633e-01
1.731786382254104e-01
1.675953201110148e-01
1.621325315226761e-01
1.567905258294890e-01
1.515693883326489e-01
1.464690436169404e-01
1.414892628742972e-01
1.366296711846091e-01
1.318897547397718e-01
1.272688679977791e-01
1.227662407544536e-01
1.183809851212284e-01
1.141121023981658e-01
1.099584898321933e-01
1.059189472513081e-01
1.019921835662507e-01
9.817682313190979e-02
9.447141196143224e-02
9.087442378673335e-02
8.738426595979325e-02
8.399928518979194e-02
8.071777311180039e-02
7.753797168336292e-02
7.445807840592028e-02
7.147625136861092e-02
6.859061411253890e-02
6.579926031414980e-02
6.310025828685500e-02
6.049165530054190e-02
5.797148171906968e-02
5.553775495628435e-02
5.318848325151210e-02
5.092166926586691e-02
4.873531350108230e-02
4.662741754291529e-02
4.459598713148358e-02
4.263903506119902e-02
4.075458391322060e-02
3.894066862360425e-02
3.719533889054991e-02
3.551666142434694e-02
3.390272204380795e-02
3.235162762313635e-02
3.086150789332054e-02
2.943051710226596e-02
2.805683553798800e-02
2.673867091926967e-02
2.547425965826223e-02
2.426186799956204e-02
2.309979304033200e-02
2.198636363606731e-02
2.091994119661005e-02
1.989892037701848e-02
1.892172966788276e-02
1.798683188965033e-02
1.709272459549223e-02
1.623794038719106e-02
1.542104714847811e-02
1.464064820018287e-02
1.389538238148427e-02
1.318392406147745e-02
1.250498308518050e-02
1.185730465801705e-02
1.123966917271244e-02
1.065089198244017e-02
1.008982312395131e-02
9.555346994309048e-03
9.046381984740139e-03
8.561880075000998e-03
8.100826391538573e-03
7.662238732611557e-03
7.245167063415847e-03
6.848692984141099e-03
6.471929173765163e-03
6.114018812273241e-03
5.774134983871320e-03
5.451480063643734e-03
5.145285089988781e-03
4.854809125050446e-03
4.579338605249722e-03
4.318186683907903e-03
4.070692567842906e-03
3.836220849712266e-03
3.614160837771083e-03
3.403925884609299e-03
3.204952716333521e-03
3.016700763559885e-03
2.838651495490423e-03
2.670307758253501e-03
2.511193118599787e-03
2.360851213960407e-03
2.218845109790485e-03
2.084756665042584e-03
1.958185906538102e-03
1.838750412931533e-03
1.726084708893008e-03
1.619839670067463e-03
1.519681939305349e-03
1.425293354599367e-03
1.336370389104027e-03
1.252623603560781e-03
1.173777111399610e-03
1.099568056739560e-03
1.029746105465006e-03
9.640729495111731e-04
9.023218244525096e-04
8.442770404494594e-04
7.897335265742567e-04
7.384963885035969e-04
6.903804795356286e-04
6.452099848608780e-04
6.028180189906884e-04
5.630462362231756e-04
5.257444540049223e-04
4.907702890270656e-04
4.579888058763779e-04
4.272721780459858e-04
3.984993610959361e-04
3.715557777409649e-04
3.463330146316874e-04
3.227285305854707e-04
3.006453760148672e-04
2.799919232943071e-04
2.606816077997297e-04
2.426326793511014e-04
2.257679637839049e-04
2.100146343729701e-04
1.953039928301695e-04
1.815712595964746e-04
1.687553731487497e-04
1.567987980421472e-04
1.456473414102305e-04
1.352499776468012e-04
1.255586809958019e-04
1.165282657786453e-04
1.081162339916889e-04
1.002826300104254e-04
9.298990214116882e-05
8.620277076554298e-05
7.988810282795540e-05
7.401479242130933e-05
6.855364723155647e-05
6.347728060720982e-05
5.876000902560659e-05
5.437775473354588e-05
5.030795334582241e-05
4.652946619118920e-05
4.302249720133346e-05
3.976851414453336e-05
3.675017401177759e-05
3.395125236921696e-05
3.135657649690399e-05
2.895196213981490e-05
2.672415370313803e-05
2.466076772974733e-05
2.275023950362465e-05
2.098177262876857e-05
1.934529143879938e-05
1.783139609803889e-05
1.643132026031064e-05
1.513689115704627e-05
1.394049199151167e-05
1.283502652106470e-05
1.181388571432399e-05
1.087091637496881e-05
1.000039162858823e-05
9.196983173565881e-06
8.455735201413596e-06
7.772039896255795e-06
7.141614427319510e-06
6.560479352295152e-06
6.024938353309887e-06
5.531559230992313e-06
5.077156085712469e-06
4.658772618548777e-06
4.273666487873138e-06
3.919294660653682e-06
3.593299700655762e-06
3.293496938680200e-06
3.017862472811941e-06
2.764521949369292e-06
2.531740077844432e-06
2.317910835612791e-06
2.121548320567332e-06
1.941278212104082e-06
1.775829803053061e-06
1.624028567216323e-06
1.484789229144726e-06
1.357109304662479e-06
1.240063082434254e-06
1.132796018569141e-06
1.034519517870777e-06
9.445060768772107e-07
8.620847652909666e-07
7.866370237814962e-07
7.175927574527613e-07
6.544267055104898e-07
5.966550688393961e-07
5.438323783141383e-07
4.955485877202535e-07
4.514263761569701e-07
4.111186457342289e-07
3.743062012642947e-07
3.406955994867189e-07
3.100171561559593e-07
2.820231000664250e-07
2.564858637921216e-07
2.331965015794785e-07
2.119632254546481e-07
1.926100511922120e-07
1.749755463430402e-07
1.589116730366453e-07
1.442827187595498e-07
1.309643087676790e-07
1.188424942191110e-07
1.078129105152573e-07
9.778000071519404e-08
8.865629924071134e-08
8.036177142020736e-08
7.282320472888150e-08
6.597364787219042e-08
5.975189413023357e-08
5.410200563380159e-08
4.897287547927239e-08
4.431782481034770e-08
4.009423220075710e-08
3.626319286438961e-08
3.278920539867420e-08
2.963988393425755e-08
2.678569371982193e-08
2.419970831600939e-08
2.185738670751523e-08
1.973636876812556e-08
1.781628763042013e-08
1.607859762057008e-08
1.450641651970786e-08
1.308438100720408e-08
1.179851422833741e-08
1.063610450974249e-08
9.585594321062298e-09
8.636478650835839e-09
7.779212029164207e-09
7.005123489483784e-09
6.306338817141579e-09
5.675709483733306e-09
5.106747713607031e-09
4.593567172820815e-09
4.130828811428112e-09
3.713691427473601e-09
3.337766555742390e-09
2.999077316315293e-09
2.694020887534356e-09
2.419334295256001e-09
2.172063235425500e-09
1.949533670205515e-09
1.749325959274207e-09
1.569251307609981e-09
1.407330329226881e-09
1.261773543030155e-09
1.130963632337465e-09
1.013439313755493e-09
9.078806741089050e-10
8.130958460761855e-10
7.280089041735128e-10
6.516488728207108e-10
5.831397474899205e-10
5.216914384432074e-10
4.665915543693941e-10
4.171979503877310e-10
3.729319714481607e-10
3.332723281719783e-10
2.977495476862246e-10
2.659409470509872e-10
2.374660814977318e-10
2.119826239239203e-10
1.891826359559458e-10
1.687891944283303e-10
1.505533403595236e-10
1.342513204580991e-10
1.196820938911324e-10
1.066650795100579e-10
9.503812097791169e-11
8.465564929371384e-11
7.538702408117190e-11
6.711503671533964e-11
5.973455991619746e-11
5.315132985525233e-11
4.728084811205715e-11
4.204739199273665e-11
3.738312279231131e-11
3.322728255583052e-11
2.952547077851471e-11
2.622899328994044e-11
2.329427629878221e-11
2.068233923924848e-11
1.835832066398620e-11
1.629105197629005e-11
1.445267429189580e-11
1.281829417195401e-11
1.136567437813479e-11
1.007495617195398e-11
8.928410016811372e-12
7.910211846014037e-12
7.006242336120304e-12
6.203906874892341e-12
5.491974139378275e-12
