8.542359294493846e-13
9.669701738501943e-13
1.094292297255713e-12
1.238051214396420e-12
1.400325084221566e-12
1.583449076942826e-12
1.790046421353563e-12
2.023063109667945e-12
2.285806679264587e-12
2.581989537420137e-12
2.915777346854585e-12
3.291843047208555e-12
3.715427151007518e-12
4.192405022875395e-12
4.729361928436289e-12
5.333676725253636e-12
6.013615163145123e-12
6.778433866199091e-12
7.638496184822530e-12
8.605401234282206e-12
9.692127577679150e-12
1.091319316746497e-11
1.228483333192731e-11
1.382519878315176e-11
1.555457583257160e-11
1.749563123125986e-11
1.967368430672723e-11
2.211700934845046e-11
2.485717150321057e-11
2.792939978130687e-11
3.137300114886132e-11
3.523182009301924e-11
3.955474849947027e-11
4.439629117931050e-11
4.981719292907416e-11
5.588513360848911e-11
6.267549838022063e-11
7.027223098008865e-11
7.876877868105946e-11
8.826913848622191e-11
9.888901504221363e-11
1.107571018128251e-10
1.240164982013583e-10
1.388262765689005e-10
1.553632144739294e-10
1.738237089676325e-10
1.944258914305421e-10
2.174119632426001e-10
2.430507745542969e-10
2.716406705861471e-10
3.035126322439358e-10
3.390337404153006e-10
3.786109961287750e-10
4.226955318299059e-10
4.717872523829324e-10
5.264399480652840e-10
5.872669258115896e-10
6.549472093128882e-10
7.302323633155719e-10
8.139540026262501e-10
9.070320519495573e-10
1.010483828803381e-09
1.125434028412727e-09
1.253125696723531e-09
1.394932285549252e-09
1.552370892419077e-09
1.727116796991312e-09
1.921019415990655e-09
2.136119809587699e-09
2.374669884031879e-09
2.639153448252124e-09
2.932309296129973e-09
3.257156501316640e-09
3.617022127899734e-09
4.015571578025242e-09
4.456841816854936e-09
4.945277736098825e-09
5.485771939931574e-09
6.083708261510347e-09
6.745009344696880e-09
7.476188654102708e-09
8.284407307376644e-09
9.177536156913943e-09
1.016422358406545e-08
1.125396950765582e-08
1.245720615039458e-08
1.378538615179492e-08
1.525107866474559e-08
1.686807412515665e-08
1.865149844038461e-08
2.061793740272869e-08
2.278557219946409e-08
2.517432696097497e-08
2.780602936390016e-08
3.070458538716527e-08
3.389616940574116e-08
3.740943090032948e-08
4.127571916137361e-08
4.552932747326976e-08
5.020775837990048e-08
5.535201175612571e-08
6.100689754219526e-08
6.722137513974371e-08
7.404892161970739e-08
8.154793105477144e-08
8.978214746250124e-08
9.882113403081689e-08
1.087407814956903e-07
1.196238587526051e-07
1.315606090093201e-07
1.446493950285637e-07
1.589973972664502e-07
1.747213689865401e-07
1.919484527215182e-07
2.108170627655797e-07
2.314778387116983e-07
2.540946754003087e-07
2.788458350206066e-07
3.059251475039251e-07
3.355433057718095e-07
3.679292628506932e-07
4.033317383420070e-07
4.420208422424526e-07
4.842898246455377e-07
5.304569604239629e-07
5.808675785945010e-07
6.358962467043873e-07
6.959491212527068e-07
7.614664758732824e-07
8.329254197595371e-07
9.108428196078272e-07
9.957784391964762e-07
1.088338311604755e-06
1.189178360011311e-06
1.299008283997535e-06
1.418595729319664e-06
1.548770760206673e-06
1.690430654391070e-06
1.844545042288951e-06
2.012161413016451e-06
2.194411011264008e-06
2.392515150450417e-06
2.607791969047246e-06
2.841663658503913e-06
3.095664192815605e-06
3.371447591464528e-06
3.670796749229890e-06
3.995632868207296e-06
4.348025529305871e-06
4.730203442502293e-06
5.144565917229847e-06
5.593695096466466e-06
6.080369000363045e-06
6.607575427622566e-06
7.178526765303528e-06
7.796675760280867e-06
8.465732308252920e-06
9.189681318938182e-06
9.972801718959282e-06
1.081968665686557e-05
1.173526497780218e-05
1.272482403848879e-05
1.379403393643090e-05
1.494897323064486e-05
1.619615623463794e-05
1.754256196594568e-05
1.899566484018512e-05
2.056346720133927e-05
2.225453378383617e-05
2.407802820592606e-05
2.604375159789139e-05
2.816218347273529e-05
3.044452495119154e-05
3.290274445716371e-05
3.554962600404212e-05
3.839882019674643e-05
4.146489807879859e-05
4.476340795823383e-05
4.831093535070025e-05
5.212516618266581e-05
5.622495340224336e-05
6.063038714973554e-05
6.536286864459244e-05
7.044518795004127e-05
7.590160578117735e-05
8.175793952678917e-05
8.804165365960585e-05
9.478195471396663e-05
1.020098910141511e-04
1.097584573406763e-04
1.180627047258197e-04
1.269598555733931e-04
1.364894243013411e-04
1.466933437091000e-04
1.576160972747131e-04
1.693048575895126e-04
1.818096311406630e-04
1.951834096539753e-04
2.094823282111906e-04
2.247658303572214e-04
2.410968404137514e-04
2.585419432159658e-04
2.771715714890119e-04
2.970602010800980e-04
3.182865542607416e-04
3.409338113116812e-04
3.650898306002427e-04
3.908473773564245e-04
4.183043613496847e-04
4.475640836632408e-04
4.787354927565975e-04
5.119334500000011e-04
5.472790048564201e-04
5.848996798775148e-04
6.249297656698023e-04
6.675106259757381e-04
7.127910130017477e-04
7.609273931112224e-04
8.120842829851025e-04
8.664345963359500e-04
9.241600012430444e-04
9.854512881563801e-04
1.050508748595929e-03
1.119542564549564e-03
1.192773208548342e-03
1.270431854371281e-03
1.352760798303596e-03
1.440013890842100e-03
1.532456978709519e-03
1.630368357005466e-03
1.734039231285799e-03
1.843774189324187e-03
1.959891682269541e-03
2.082724514870827e-03
2.212620344396572e-03
2.349942187829842e-03
2.495068936871008e-03
2.648395880229794e-03
2.810335232635104e-03
2.981316669936261e-03
3.161787869611687e-03
3.352215055941985e-03
3.553083549042671e-03
3.764898316888008e-03
3.988184529392136e-03
4.223488113545552e-03
4.471376308535695e-03
4.732438219708825e-03
5.007285370156787e-03
5.296552248637778e-03
5.600896852463389e-03
5.921001223905917e-03
6.257571978601103e-03
6.611340824340205e-03
6.983065068564005e-03
7.373528112788986e-03
7.783539932111873e-03
8.213937537855981e-03
8.665585421337847e-03
9.139375976648850e-03
9.636229900262829e-03
1.015709656519615e-02
1.070295436736509e-02
1.127481104170215e-02
1.187370394551303e-02
1.250070030647700e-02
1.315689743261505e-02
1.384342288147699e-02
1.456143458572455e-02
1.531212093221901e-02
1.609670079165636e-02
1.691642349572878e-02
1.777256875873559e-02
1.866644654051082e-02
1.959939684748730e-02
2.057278946867439e-02
2.158802364328715e-02
2.264652765673656e-02
2.374975836166364e-02
2.489920062068579e-02
2.609636666751260e-02
2.734279538308863e-02
2.864005148342913e-02
2.998972461582913e-02
3.139342836015697e-02
3.285279913197620e-02
3.436949498428984e-02
3.594519430475983e-02
3.758159440532131e-02
3.928041000119899e-02
4.104337157642127e-02
4.287222363303989e-02
4.476872282138192e-02
4.673463594879328e-02
4.877173786448534e-02
5.088180921825414e-02
5.306663409102143e-02
5.532799749534027e-02
5.766768274420930e-02
6.008746868677105e-02
6.258912680969847e-02
6.517441820333425e-02
6.784509039191516e-02
7.060287402749596e-02
7.344947944749433e-02
7.638659309608761e-02
7.941587381003357e-02
8.253894896982536e-02
8.575741051746211e-02
8.907281084249245e-02
9.248665853837630e-02
9.600041403162705e-02
9.961548508660659e-02
1.033332221892868e-01
1.071549138137380e-01
1.110817815755562e-01
1.151149752769229e-01
1.192555678484603e-01
1.235045501935408e-01
1.278628259412114e-01
1.323312061143890e-01
1.369104037205092e-01
1.416010282723177e-01
1.464035802470210e-01
1.513184454925408e-01
1.563458895901325e-01
1.614860521831682e-01
1.667389412823960e-01
1.721044275585162e-01
1.775822386334331e-01
1.831719533820405e-01
1.888729962569144e-01
1.946846316487659e-01
2.006059582959917e-01
2.066359037571282e-01
2.127732189604543e-01
2.190164728454328e-01
2.253640471110777e-01
2.318141310867362e-01
2.383647167411337e-01
2.450135938458670e-01
2.517583453098514e-01
2.585963427014939e-01
2.655247419756297e-01
2.725404794224588e-01
2.796402678559027e-01
2.868205930589471e-01
2.940777105036179e-01
3.014076423633137e-01
3.088061748352152e-01
3.162688557904625e-01
3.237909927697165e-01
3.313676513415718e-01
3.389936538411310e-01
3.466635785057884e-01
3.543717590250032e-01
3.621122845204945e-01
3.698789999728775e-01
3.776655071103264e-01
3.854651657743143e-01
3.932710957769160e-01
4.010761792635357e-01
4.088730635942067e-01
4.166541647558896e-01
4.244116713173561e-01
4.321375489373920e-01
4.398235454361251e-01
4.474611964382778e-01
4.550418315961267e-01
4.625565813988184e-01
4.699963845735647e-01
4.773519960829998e-01
4.846139957217401e-01
4.917727973138643e-01
4.988186585116638e-01
5.057416911946196e-01
5.125318724660911e-01
5.191790562437238e-01
5.256729854380497e-01
5.320033047121775e-01
5.381595738138932e-01
5.441312814698465e-01
5.499078598298641e-01
5.554786994477660e-01
5.608331647833570e-01
5.659606102086020e-01
5.708503964992639e-01
5.754919077915971e-01
5.798745689819871e-01
5.839878635457254e-01
5.878213517494436e-01
5.913646892300569e-01
5.946076459114360e-01
5.975401252284196e-01
6.001521836261987e-01
6.024340503015755e-01
6.043761471511083e-01
6.059691088897144e-01
6.072038033019257e-01
6.080713515866651e-01
6.085631487551681e-01
6.086708840404853e-01
6.083865612759088e-01
6.077025191986436e-01
6.066114516341106e-01
6.051064275154441e-01
6.031809106919974e-01
6.008287794800364e-01
5.980443459082809e-01
5.948223746105270e-01
5.911581013172833e-01
5.870472508981796e-01
5.824860549068304e-01
5.774712685799143e-01
5.720001872424139e-01
5.660706620712800e-01
5.596811151702525e-01
5.528305539091386e-01
5.455185844815886e-01
5.377454246362638e-01
5.295119155372788e-01
5.208195327109509e-01
5.116703960371355e-01
5.020672787448528e-01
4.920136153734340e-01
4.815135086620872e-01
4.705717353325982e-01
4.591937507317863e-01
4.473856923024144e-01
4.351543818534110e-01
4.225073266025494e-01
4.094527189671607e-01
3.959994350809303e-01
3.821570320174868e-01
3.679357437041618e-01
3.533464755121429e-01
3.384007975121032e-01
3.231109363873612e-01
3.074897659996840e-01
2.915507966059073e-01
2.753081627267427e-01
2.587766096723196e-01
2.419714787322453e-01
2.249086910412726e-01
2.076047301349039e-01
1.900766232126175e-01
1.723419211296735e-01
1.544186771417563e-01
1.363254244300291e-01
1.180811524373774e-01
9.970528204989433e-02
8.121763966080206e-02
6.263843015712398e-02
4.398820887251120e-02
2.528785255255598e-02
6.558529381873623e-03
-1.217833187499419e-02
-3.090107356410330e-02
-4.958784160667828e-02
-6.821661867794049e-02
-8.676525803800272e-02
-1.052115179504739e-01
-1.235330966223549e-01
-1.417076675968652e-01
-1.597129155291459e-01
-1.775265722731456e-01
-1.951264532066196e-01
-2.124904937199385e-01
-2.295967857933162e-01
-2.464236145862561e-01
-2.629494949622843e-01
-2.791532078716161e-01
-2.950138365140708e-01
-3.105108022045057e-01
-3.256238998631562e-01
-3.403333330535679e-01
-3.546197484913824e-01
-3.684642699479234e-01
-3.818485314734971e-01
-3.947547098664553e-01
-4.071655563153828e-01
-4.190644271433423e-01
-4.304353135848014e-01
-4.412628705278075e-01
-4.515324441560769e-01
-4.612300984279288e-01
-4.703426403314849e-01
-4.788576438581470e-01
-4.867634726391781e-01
-4.940493011931472e-01
-5.007051347350749e-01
-5.067218275013656e-01
-5.120910995479439e-01
-5.168055519825052e-01
-5.208586805953753e-01
-5.242448878571453e-01
-5.269594932550495e-01
-5.289987419438880e-01
-5.303598116912347e-01
-5.310408181006511e-01
-5.310408181006511e-01
-5.303598116912347e-01
-5.289987419438880e-01
-5.269594932550495e-01
-5.242448878571454e-01
-5.208586805953751e-01
-5.168055519825052e-01
-5.120910995479439e-01
-5.067218275013660e-01
-5.007051347350754e-01
-4.940493011931468e-01
-4.867634726391781e-01
-4.788576438581470e-01
-4.703426403314854e-01
-4.612300984279293e-01
-4.515324441560764e-01
-4.412628705278075e-01
-4.304353135848014e-01
-4.190644271433430e-01
-4.071655563153835e-01
-3.947547098664546e-01
-3.818485314734971e-01
-3.684642699479234e-01
-3.546197484913832e-01
-3.403333330535687e-01
-3.256238998631553e-01
-3.105108022045057e-01
-2.950138365140708e-01
-2.791532078716169e-01
-2.629494949622853e-01
-2.464236145862552e-01
-2.295967857933162e-01
-2.124904937199385e-01
-1.951264532066205e-01
-1.775265722731466e-01
-1.597129155291459e-01
-1.417076675968652e-01
-1.235330966223549e-01
-1.052115179504750e-01
-8.676525803800374e-02
-6.821661867794049e-02
-4.958784160667828e-02
-3.090107356410330e-02
-1.217833187499527e-02
6.558529381872622e-03
2.528785255255598e-02
4.398820887251120e-02
6.263843015712398e-02
8.121763966080107e-02
9.970528204989530e-02
1.180811524373774e-01
1.363254244300291e-01
1.544186771417563e-01
1.723419211296725e-01
1.900766232126185e-01
2.076047301349039e-01
2.249086910412726e-01
2.419714787322453e-01
2.587766096723187e-01
2.753081627267436e-01
2.915507966059073e-01
3.074897659996840e-01
3.231109363873612e-01
3.384007975121023e-01
3.533464755121437e-01
3.679357437041618e-01
3.821570320174868e-01
3.959994350809303e-01
4.094527189671600e-01
4.225073266025501e-01
4.351543818534110e-01
4.473856923024144e-01
4.591937507317856e-01
4.705717353325976e-01
4.815135086620878e-01
4.920136153734340e-01
5.020672787448528e-01
5.116703960371349e-01
5.208195327109505e-01
5.295119155372793e-01
5.377454246362638e-01
5.455185844815886e-01
5.528305539091382e-01
5.596811151702522e-01
5.660706620712802e-01
5.720001872424139e-01
5.774712685799143e-01
5.824860549068300e-01
5.870472508981793e-01
5.911581013172835e-01
5.948223746105270e-01
5.980443459082809e-01
6.008287794800362e-01
6.031809106919973e-01
6.051064275154443e-01
6.066114516341106e-01
6.077025191986436e-01
6.083865612759088e-01
6.086708840404852e-01
6.085631487551681e-01
6.080713515866651e-01
6.072038033019257e-01
6.059691088897146e-01
6.043761471511084e-01
6.024340503015755e-01
6.001521836261987e-01
5.975401252284196e-01
5.946076459114361e-01
5.913646892300567e-01
5.878213517494436e-01
5.839878635457254e-01
5.798745689819871e-01
5.754919077915973e-01
5.708503964992636e-01
5.659606102086020e-01
5.608331647833570e-01
5.554786994477660e-01
5.499078598298646e-01
5.441312814698460e-01
5.381595738138932e-01
5.320033047121775e-01
5.256729854380497e-01
5.191790562437242e-01
5.125318724660908e-01
5.057416911946196e-01
4.988186585116638e-01
4.917727973138643e-01
4.846139957217405e-01
4.773519960829994e-01
4.699963845735647e-01
4.625565813988184e-01
4.550418315961267e-01
4.474611964382783e-01
4.398235454361248e-01
4.321375489373920e-01
4.244116713173561e-01
4.166541647558900e-01
4.088730635942071e-01
4.010761792635352e-01
3.932710957769160e-01
3.854651657743143e-01
3.776655071103269e-01
3.698789999728779e-01
3.621122845204942e-01
3.543717590250032e-01
3.466635785057884e-01
3.389936538411314e-01
3.313676513415722e-01
3.237909927697160e-01
3.162688557904625e-01
3.088061748352152e-01
3.014076423633141e-01
2.940777105036182e-01
2.868205930589468e-01
2.796402678559027e-01
2.725404794224588e-01
2.655247419756301e-01
2.585963427014943e-01
2.517583453098511e-01
2.450135938458670e-01
2.383647167411337e-01
2.318141310867365e-01
2.253640471110782e-01
2.190164728454328e-01
2.127732189604543e-01
2.066359037571282e-01
2.006059582959920e-01
1.946846316487663e-01
1.888729962569144e-01
1.831719533820405e-01
1.775822386334331e-01
1.721044275585165e-01
1.667389412823963e-01
1.614860521831682e-01
1.563458895901325e-01
1.513184454925408e-01
1.464035802470213e-01
1.416010282723174e-01
1.369104037205092e-01
1.323312061143890e-01
1.278628259412114e-01
1.235045501935410e-01
1.192555678484601e-01
1.151149752769229e-01
1.110817815755562e-01
1.071549138137380e-01
1.033332221892870e-01
9.961548508660639e-02
9.600041403162705e-02
9.248665853837630e-02
8.907281084249245e-02
8.575741051746229e-02
8.253894896982519e-02
7.941587381003357e-02
7.638659309608761e-02
7.344947944749433e-02
7.060287402749611e-02
6.784509039191502e-02
6.517441820333425e-02
6.258912680969847e-02
6.008746868677116e-02
5.766768274420940e-02
5.532799749534011e-02
5.306663409102143e-02
5.088180921825414e-02
4.877173786448544e-02
4.673463594879337e-02
4.476872282138182e-02
4.287222363303989e-02
4.104337157642127e-02
3.928041000119907e-02
3.758159440532140e-02
3.594519430475972e-02
3.436949498428984e-02
3.285279913197620e-02
3.139342836015704e-02
2.998972461582920e-02
2.864005148342904e-02
2.734279538308863e-02
2.609636666751260e-02
2.489920062068587e-02
2.374975836166371e-02
2.264652765673650e-02
2.158802364328715e-02
2.057278946867439e-02
1.959939684748734e-02
1.866644654051086e-02
1.777256875873559e-02
1.691642349572878e-02
1.609670079165636e-02
1.531212093221905e-02
1.456143458572459e-02
1.384342288147699e-02
1.315689743261505e-02
1.250070030647700e-02
1.187370394551306e-02
1.127481104170212e-02
1.070295436736509e-02
1.015709656519615e-02
9.636229900262829e-03
9.139375976648878e-03
8.665585421337820e-03
8.213937537855981e-03
7.783539932111873e-03
7.373528112788986e-03
6.983065068564022e-03
6.611340824340184e-03
6.257571978601103e-03
5.921001223905917e-03
5.600896852463389e-03
5.296552248637795e-03
5.007285370156772e-03
4.732438219708825e-03
4.471376308535695e-03
4.223488113545552e-03
3.988184529392148e-03
3.764898316888008e-03
3.553083549042671e-03
3.352215055941985e-03
3.161787869611687e-03
2.981316669936276e-03
2.810335232635104e-03
2.648395880229794e-03
2.495068936871008e-03
2.349942187829842e-03
2.212620344396580e-03
2.082724514870827e-03
1.959891682269541e-03
1.843774189324187e-03
1.734039231285799e-03
1.630368357005471e-03
1.532456978709519e-03
1.440013890842100e-03
1.352760798303596e-03
1.270431854371281e-03
1.192773208548346e-03
1.119542564549564e-03
1.050508748595929e-03
9.854512881563801e-04
9.241600012430444e-04
8.664345963359528e-04
8.120842829851025e-04
7.609273931112224e-04
7.127910130017477e-04
6.675106259757381e-04
6.249297656698043e-04
5.848996798775148e-04
5.472790048564201e-04
5.119334500000011e-04
4.787354927565975e-04
4.475640836632422e-04
4.183043613496847e-04
3.908473773564245e-04
3.650898306002427e-04
3.409338113116812e-04
3.182865542607426e-04
2.970602010800980e-04
2.771715714890119e-04
2.585419432159658e-04
2.410968404137526e-04
2.247658303572225e-04
2.094823282111906e-04
1.951834096539753e-04
1.818096311406630e-04
1.693048575895132e-04
1.576160972747124e-04
1.466933437091000e-04
1.364894243013411e-04
1.269598555733931e-04
1.180627047258201e-04
1.097584573406757e-04
1.020098910141511e-04
9.478195471396663e-05
8.804165365960585e-05
8.175793952678955e-05
7.590160578117699e-05
7.044518795004127e-05
6.536286864459244e-05
6.063038714973554e-05
5.622495340224363e-05
5.212516618266581e-05
4.831093535070025e-05
4.476340795823383e-05
4.146489807879859e-05
3.839882019674661e-05
3.554962600404212e-05
3.290274445716371e-05
3.044452495119154e-05
2.816218347273529e-05
2.604375159789148e-05
2.407802820592606e-05
2.225453378383617e-05
2.056346720133927e-05
1.899566484018512e-05
1.754256196594577e-05
1.619615623463794e-05
1.494897323064486e-05
1.379403393643090e-05
1.272482403848879e-05
1.173526497780222e-05
1.081968665686557e-05
9.972801718959282e-06
9.189681318938182e-06
8.465732308252920e-06
7.796675760280894e-06
7.178526765303528e-06
6.607575427622566e-06
6.080369000363045e-06
5.593695096466466e-06
5.144565917229873e-06
4.730203442502293e-06
4.348025529305871e-06
3.995632868207296e-06
3.670796749229890e-06
3.371447591464550e-06
3.095664192815605e-06
2.841663658503913e-06
2.607791969047246e-06
2.392515150450417e-06
2.194411011264023e-06
2.012161413016451e-06
1.844545042288951e-06
1.690430654391070e-06
1.548770760206678e-06
1.418595729319660e-06
1.299008283997535e-06
1.189178360011311e-06
1.088338311604755e-06
9.957784391964793e-07
9.108428196078240e-07
8.329254197595371e-07
7.614664758732824e-07
6.959491212527068e-07
6.358962467043916e-07
5.808675785944990e-07
5.304569604239629e-07
4.842898246455377e-07
4.420208422424526e-07
4.033317383420084e-07
3.679292628506919e-07
3.355433057718095e-07
3.059251475039251e-07
2.788458350206066e-07
2.540946754003096e-07
2.314778387116975e-07
2.108170627655797e-07
1.919484527215182e-07
1.747213689865401e-07
1.589973972664512e-07
1.446493950285627e-07
1.315606090093201e-07
1.196238587526051e-07
1.087407814956903e-07
9.882113403081755e-08
8.978214746250093e-08
8.154793105477144e-08
7.404892161970739e-08
6.722137513974371e-08
6.100689754219547e-08
5.535201175612571e-08
5.020775837990048e-08
4.552932747326976e-08
4.127571916137361e-08
3.740943090032961e-08
3.389616940574116e-08
3.070458538716527e-08
2.780602936390016e-08
2.517432696097497e-08
2.278557219946417e-08
2.061793740272869e-08
1.865149844038461e-08
1.686807412515665e-08
1.525107866474570e-08
1.378538615179497e-08
1.245720615039458e-08
1.125396950765582e-08
1.016422358406545e-08
9.177536156913974e-09
8.284407307376672e-09
7.476188654102708e-09
6.745009344696880e-09
6.083708261510347e-09
5.485771939931611e-09
4.945277736098859e-09
4.456841816854936e-09
4.015571578025242e-09
3.617022127899734e-09
3.257156501316662e-09
2.932309296129993e-09
2.639153448252124e-09
2.374669884031879e-09
2.136119809587699e-09
1.921019415990668e-09
1.727116796991300e-09
1.552370892419077e-09
1.394932285549252e-09
1.253125696723531e-09
1.125434028412734e-09
1.010483828803374e-09
9.070320519495573e-10
8.139540026262501e-10
7.302323633155719e-10
6.549472093128928e-10
5.872669258115856e-10
5.264399480652840e-10
4.717872523829324e-10
4.226955318299059e-10
3.786109961287777e-10
3.390337404152983e-10
3.035126322439358e-10
2.716406705861471e-10
2.430507745542969e-10
2.174119632426016e-10
1.944258914305407e-10
1.738237089676325e-10
1.553632144739294e-10
1.388262765689005e-10
1.240164982013591e-10
1.107571018128244e-10
9.888901504221363e-11
8.826913848622191e-11
7.876877868105946e-11
7.027223098008914e-11
6.267549838022021e-11
5.588513360848911e-11
4.981719292907416e-11
4.439629117931080e-11
3.955474849947055e-11
3.523182009301900e-11
3.137300114886132e-11
2.792939978130687e-11
2.485717150321074e-11
2.211700934845061e-11
1.967368430672710e-11
1.749563123125986e-11
1.555457583257160e-11
1.382519878315185e-11
1.228483333192740e-11
1.091319316746497e-11
9.692127577679150e-12
8.605401234282206e-12
7.638496184822582e-12
6.778433866199137e-12
6.013615163145123e-12
5.333676725253636e-12
4.729361928436289e-12
4.192405022875424e-12
3.715427151007544e-12
3.291843047208555e-12
2.915777346854585e-12
2.581989537420137e-12
2.285806679264602e-12
2.023063109667931e-12
1.790046421353563e-12
1.583449076942826e-12
1.400325084221566e-12
1.238051214396428e-12
1.094292297255706e-12
9.669701738501943e-13
8.542359294493846e-13
