-9.512378243257530e-15
-8.386571895415677e-15
-7.395937184829327e-15
-6.524021354944628e-15
-5.756400580871489e-15
-5.080426623582029e-15
-4.485005500133578e-15
-3.960404077168232e-15
-3.498081023969308e-15
-3.090539021269044e-15
-2.731195521913736e-15
-2.414269707334675e-15
-2.134683586367350e-15
-1.887975446281962e-15
-1.670224095070088e-15
-1.477982533545374e-15
-1.308219869566660e-15
-1.158270437999847e-15
-1.025789221876095e-15
-9.087127850795204e-16
-8.052250270100610e-16
-7.137271569760962e-16
-6.328113621743956e-16
-5.612377094948569e-16
-4.979138793493739e-16
-4.418773801977916e-16
-3.922799366294073e-16
-3.483737823087173e-16
-3.094996227857385e-16
-2.750760624806895e-16
-2.445903158618765e-16
-2.175900452843170e-16
-1.936761874483879e-16
-1.724966477453702e-16
-1.537407565869395e-16
-1.371343949952123e-16
-1.224357082640852e-16
-1.094313363672297e-16
-9.793309882539620e-17
-8.777507910720442e-17
-7.881106082231571e-17
-7.091227341566180e-17
-6.396541047049496e-17
-5.787088851319138e-17
-5.254131745148744e-17
-4.790015831076148e-17
-4.388054596639261e-17
-4.042425795831596e-17
-3.748081272763787e-17
-3.500668214917458e-17
-3.296460615374971e-17
-3.132299751156286e-17
-3.005542728990186e-17
-2.914018259787780e-17
-2.855988837828483e-17
-2.830118788970150e-17
-2.835447505217027e-17
-2.871367428467647e-17
-2.937606430032970e-17
-3.034214048015047e-17
-3.161551510087118e-17
-3.320285069035122e-17
-3.511382519390279e-17
-3.736112845231099e-17
-3.996048543720789e-17
-4.293070891113525e-17
-4.629377795154154e-17
-5.007494183303461e-17
-5.430285238597331e-17
-5.900971863077432e-17
-6.423149064788396e-17
-7.000806814038356e-17
-7.638353456810815e-17
-8.340642225257039e-17
-9.113000140549885e-17
-9.961260272281453e-17
-1.089179684646398e-16
-1.191156333461210e-16
-1.302813445836210e-16
-1.424975099551926e-16
-1.558536899601180e-16
-1.704471232853934e-16
-1.863832936958669e-16
-2.037765465552134e-16
-2.227507401401946e-16
-2.434399575588225e-16
-2.659892606996387e-16
-2.905554982579259e-16
-3.173081815907293e-16
-3.464304035077224e-16
-3.781198405297658e-16
-4.125898088883568e-16
-4.500703870614195e-16
-4.908096362265997e-16
-5.350748780485160e-16
-5.831540712106972e-16
-6.353572584129671e-16
-6.920181264857786e-16
-7.534956461723807e-16
-8.201758381594264e-16
-8.924736288566765e-16
-9.708348280824471e-16
-1.055738200634056e-15
-1.147697709188054e-15
-1.247264870834390e-15
-1.355031249991988e-15
-1.471631044175335e-15
-1.597743943557864e-15
-1.734097999220722e-15
-1.881472798492355e-15
-2.040702712666380e-15
-2.212680315532265e-15
-2.398360128435554e-15
-2.598762332664453e-15
-2.814976928100361e-15
-3.048167920819720e-15
-3.299577749337475e-15
-3.570532054130483e-15
-3.862444503409211e-15
-4.176822073011581e-15
-4.515270369310214e-15
-4.879499216817469e-15
-5.271328718937789e-15
-5.692695307139522e-15
-6.145658283953566e-15
-6.632406595928223e-15
-7.155265590040446e-15
-7.716704820626457e-15
-8.319344949722418e-15
-8.965966288531435e-15
-9.659516806186252e-15
-1.040312035357890e-14
-1.120008587484399e-14
-1.205391619201683e-14
-1.296831777238211e-14
-1.394721017156772e-14
-1.499473604904769e-14
-1.611527183877201e-14
-1.731343786062249e-14
-1.859410977520989e-14
-1.996242937692648e-14
-2.142381627373639e-14
-2.298397852140949e-14
-2.464892671867905e-14
-2.642498435692557e-14
-2.831880071095945e-14
-3.033736349819308e-14
-3.248800994300869e-14
-3.477844283067972e-14
-3.721674067176615e-14
-3.981137150610460e-14
-4.257120523772559e-14
-4.550552602271039e-14
-4.862404764813303e-14
-5.193692318029486e-14
-5.545475985397569e-14
-5.918862788687032e-14
-6.315007403211571e-14
-6.735113563374398e-14
-7.180434750882507e-14
-7.652275565881258e-14
-8.151992240468104e-14
-8.680993840420582e-14
-9.240743239284204e-14
-9.832757547182885e-14
-1.045860901608541e-13
-1.111992497627794e-13
-1.181838825988055e-13
-1.255573826493226e-13
-1.333377012953404e-13
-1.415433531947781e-13
-1.501933989182894e-13
-1.593074529960758e-13
-1.689056725888205e-13
-1.790087508173039e-13
-1.896378991864703e-13
-2.008148288448237e-13
-2.125617331143735e-13
-2.249012775379968e-13
-2.378565617629566e-13
-2.514511006944181e-13
-2.657087781203949e-13
-2.806538098658161e-13
-2.963107236754936e-13
-3.127043043687388e-13
-3.298595049009030e-13
-3.478014724096409e-13
-3.665553781730460e-13
-3.861464523380017e-13
-4.065998725353486e-13
-4.279406330132943e-13
-4.501935552253251e-13
-4.733831006359249e-13
-4.975333550504652e-13
-5.226678744552093e-13
-5.488095329748977e-13
-5.759805330371437e-13
-6.042020716414526e-13
-6.334944242154827e-13
-6.638766600119755e-13
-6.953664599966720e-13
-7.279801253186422e-13
-7.617321504056794e-13
-7.966352712451786e-13
-8.327002078861202e-13
-8.699353239318254e-13
-9.083465723298476e-13
-9.479372649790103e-13
-9.887077796560083e-13
-1.030655419407937e-12
-1.073773956848569e-12
-1.118053495244948e-12
-1.163480336380252e-12
-1.210036553649183e-12
-1.257699731171827e-12
-1.306442560605964e-12
-1.356232627694768e-12
-1.407032293682196e-12
-1.458798014298494e-12
-1.511480509166791e-12
-1.565023616614553e-12
-1.619364629098629e-12
-1.674433988273390e-12
-1.730154458286573e-12
-1.786441356172244e-12
-1.843201318570825e-12
-1.900332748962490e-12
-1.957725289118608e-12
-2.015259290553181e-12
-2.072805875509218e-12
-2.130225588482283e-12
-2.187368748586202e-12
-2.244075571525804e-12
-2.300175024408380e-12
-2.355485259424549e-12
-2.409812014650056e-12
-2.462949183251913e-12
-2.514679287826845e-12
-2.564771555942438e-12
-2.612983695518198e-12
-2.659059360502966e-12
-2.702728476135577e-12
-2.743709502216890e-12
-2.781706261818437e-12
-2.816410082581711e-12
-2.847497601208768e-12
-2.874630763462227e-12
-2.897460564662765e-12
-2.915623444716894e-12
-2.928740935751253e-12
-2.936422968929236e-12
-2.938264432109094e-12
-2.933849127181865e-12
-2.922748848499523e-12
-2.904519832112873e-12
-2.878710399396855e-12
-2.844854343417302e-12
-2.802477000463099e-12
-2.751094545314775e-12
-2.690210196536896e-12
-2.619323649036970e-12
-2.537921912557084e-12
-2.445489340544005e-12
-2.341506003845917e-12
-2.225441293919606e-12
-2.096770999014674e-12
-1.954959523257915e-12
-1.799478968611545e-12
-1.629802195979302e-12
-1.445398488397753e-12
-1.245752199313666e-12
-1.030344212726853e-12
-7.986716756697154e-13
-5.502460466433323e-13
-2.845790009892157e-13
-1.213222231011279e-15
3.003029682563385e-13
6.203900240753235e-13
9.594573399662742e-13
1.317876363593484e-12
1.695989919683893e-12
2.094121967846641e-12
2.512542691263109e-12
2.951504275358618e-12
3.411202743885955e-12
3.891786632542749e-12
4.393375854089276e-12
4.916010307165486e-12
5.459708206367875e-12
6.024401030119142e-12
6.609963878329017e-12
7.216218941841213e-12
7.842896471155214e-12
8.489683348683608e-12
9.156165409196504e-12
9.841839149205001e-12
1.054615552872895e-11
1.126842456150579e-11
1.200792416888863e-11
1.276378915754384e-11
1.353505935802746e-11
1.432070521195650e-11
1.511954970945251e-11
1.593034384961278e-11
1.675168337378352e-11
1.758211631841533e-11
1.841999643092951e-11
1.926358725312660e-11
2.011106559063336e-11
2.096041049060027e-11
2.180956110153787e-11
2.265625360931001e-11
2.349810450386070e-11
2.433265915147143e-11
2.515724434326572e-11
2.596914697172714e-11
2.676545964030996e-11
2.754311362318518e-11
2.829902631673598e-11
2.902984450048329e-11
2.973222536228892e-11
3.040258669817497e-11
3.103724395547847e-11
3.163246921344953e-11
3.218430730256294e-11
3.268880999218737e-11
3.314180874181005e-11
3.353904654002093e-11
3.387628372264473e-11
3.414902041698475e-11
3.435283654762422e-11
3.448313509735179e-11
3.453519067941890e-11
3.450440974606117e-11
3.438593507154586e-11
3.417507596359393e-11
3.386693356310921e-11
3.345660901099556e-11
3.293933875658794e-11
3.231018577687372e-11
3.156438305174092e-11
3.069701437485861e-11
2.970340293173557e-11
2.857880598838847e-11
2.731846693304618e-11
2.591798997642059e-11
2.437273993738387e-11
2.267856041848759e-11
2.083114236661743e-11
1.882636407879446e-11
1.666049936899228e-11
1.432964163994299e-11
1.183048103925444e-11
9.159631386701506e-12
6.313942424451824e-12
3.290798189503619e-12
8.749945212827015e-14
-3.298014639163682e-12
-6.867728608028756e-12
-1.062340493351854e-11
-1.456600812188569e-11
-1.869672472398776e-11
-2.301582535668700e-11
-2.752355288127006e-11
-3.221975464207105e-11
-3.710345919394342e-11
-4.217381999183090e-11
-4.742888026765257e-11
-5.286690529793248e-11
-5.848499462501877e-11
-6.428034493577428e-11
-7.024943127209582e-11
-7.638802090870200e-11
-8.269168683128214e-11
-8.915508609153022e-11
-9.577270920768655e-11
-1.025384915864791e-10
-1.094453278005503e-10
-1.164863067115718e-10
-1.236531571580102e-10
-1.309376773672710e-10
-1.383311104552476e-10
-1.458236031925964e-10
-1.534053994944884e-10
-1.610656330530702e-10
-1.687933126603980e-10
-1.765770862860450e-10
-1.844042973875304e-10
-1.922628167783103e-10
-2.001391552486353e-10
-2.080198235887565e-10
-2.158912215666220e-10
-2.237383056602482e-10
-2.315466707258906e-10
-2.393007736412045e-10
-2.469851823061475e-10
-2.545842980872237e-10
-2.620814121279125e-10
-2.694605927278104e-10
-2.767046591856115e-10
-2.837971524449756e-10
-2.907211971159285e-10
-2.974591684079542e-10
-3.039943574645321e-10
-3.103091394951463e-10
-3.163867501321249e-10
-3.222092592736203e-10
-3.277599858186875e-10
-3.330221098885033e-10
-3.379783120038837e-10
-3.426125494421228e-10
-3.469079468132463e-10
-3.508486279280021e-10
-3.544194382421040e-10
-3.576044460551486e-10
-3.603896070458745e-10
-3.627598221811468e-10
-3.647018242958211e-10
-3.662029568474168e-10
-3.672497861373358e-10
-3.678314874910882e-10
-3.679364590780665e-10
-3.675545423575954e-10
-3.666769110566293e-10
-3.652940172571562e-10
-3.633990330875747e-10
-3.609846310759224e-10
-3.580456486851347e-10
-3.545776450231131e-10
-3.505763457312128e-10
-3.460401409860481e-10
-3.409666438081160e-10
-3.353565758423827e-10
-3.292098815776967e-10
-3.225293365716198e-10
-3.153183825155281e-10
-3.075811272346129e-10
-2.993240100224170e-10
-2.905535811947857e-10
-2.812782784467061e-10
-2.715084268523071e-10
-2.612538518853569e-10
-2.505278207109995e-10
-2.393427678271109e-10
-2.277136257333723e-10
-2.156570477751529e-10
-2.031893542309149e-10
-1.903293078697743e-10
-1.770960045277548e-10
-1.635105384423241e-10
-1.495946699847650e-10
-1.353708256601749e-10
-1.208637634420029e-10
-1.060974641475809e-10
-9.109835108489506e-11
-7.589373574035108e-11
-6.051059653344737e-11
-4.497768824052173e-11
-2.932409870481933e-11
-1.358002599260999e-11
2.223554673719264e-12
1.805644522789862e-11
3.388567204609672e-11
4.967992683901912e-11
6.540645802743938e-11
8.103218096522369e-11
9.652445509544805e-11
1.118493075935589e-10
1.269742089249348e-10
1.418649642204173e-10
1.564891549676872e-10
1.708132524314010e-10
1.848040609431223e-10
1.984293840351370e-10
2.116569142174285e-10
2.244552321783999e-10
2.367929186064544e-10
2.486391093015072e-10
2.599641613088011e-10
2.707388757627882e-10
2.809351640209456e-10
2.905254925522627e-10
2.994832160041483e-10
3.077832433362460e-10
3.154012606643164e-10
3.223142863717499e-10
3.285006711095662e-10
3.339394316625999e-10
3.386115832171299e-10
3.424992511824598e-10
3.455860042578252e-10
3.478567434100910e-10
3.492983680075668e-10
3.498989986638890e-10
3.496481992826261e-10
3.485375321687911e-10
3.465601139396313e-10
3.437107265469308e-10
3.399855952324060e-10
3.353821664831003e-10
3.353821664831003e-10
3.399855952324060e-10
3.437107265469308e-10
3.465601139396313e-10
3.485375321687911e-10
3.496483103049286e-10
3.498989986638890e-10
3.492983680075668e-10
3.478566323877885e-10
3.455857822132202e-10
3.424993622047623e-10
3.386115832171299e-10
3.339394316625999e-10
3.285004490649612e-10
3.223141753494474e-10
3.154013716866189e-10
3.077832433362460e-10
2.994832160041483e-10
2.905252705076578e-10
2.809350529986432e-10
2.707390978073931e-10
2.599641613088011e-10
2.486391093015072e-10
2.367926965618494e-10
2.244550101337950e-10
2.116571362620334e-10
1.984293840351370e-10
1.848040609431223e-10
1.708130303867961e-10
1.564888219007798e-10
1.418652972873247e-10
1.269742089249348e-10
1.118493075935589e-10
9.652412202854066e-11
8.103184789831630e-11
6.540645802743938e-11
4.967992683901912e-11
3.388567204609672e-11
1.805611216099123e-11
2.223221606811876e-12
-1.358002599260999e-11
-2.932409870481933e-11
-4.497768824052173e-11
-6.051092960035476e-11
-7.589406880725846e-11
-9.109835108489506e-11
-1.060974641475809e-10
-1.208637634420029e-10
-1.353712697493847e-10
-1.495943369178576e-10
-1.635105384423241e-10
-1.770960045277548e-10
-1.903293078697743e-10
-2.031896872978223e-10
-2.156566036859431e-10
-2.277136257333723e-10
-2.393427678271109e-10
-2.505278207109995e-10
-2.612542959745667e-10
-2.715080382742485e-10
-2.812782784467061e-10
-2.905535811947857e-10
-2.993240100224170e-10
-3.075814603015203e-10
-3.153180494486207e-10
-3.225293365716198e-10
-3.292098815776967e-10
-3.353565758423827e-10
-3.409670878973259e-10
-3.460396968968382e-10
-3.505763457312128e-10
-3.545776450231131e-10
-3.580459817520421e-10
-3.609850751651322e-10
-3.633987000206673e-10
-3.652940172571562e-10
-3.666769110566293e-10
-3.675549864468053e-10
-3.679368476561251e-10
-3.678311544241808e-10
-3.672497861373358e-10
-3.662029568474168e-10
-3.647022128738797e-10
-3.627602107592054e-10
-3.603892739789671e-10
-3.576044460551486e-10
-3.544194382421040e-10
-3.508489609949095e-10
-3.469082243690025e-10
-3.426122163752154e-10
-3.379783120038837e-10
-3.330221098885033e-10
-3.277603188855949e-10
-3.222095923405277e-10
-3.163864725763688e-10
-3.103091394951463e-10
-3.039943574645321e-10
-2.974594737192859e-10
-2.907215024272602e-10
-2.837971524449756e-10
-2.767046591856115e-10
-2.694605927278104e-10
-2.620816619280930e-10
-2.545845756429799e-10
-2.469851823061475e-10
-2.393007736412045e-10
-2.315466707258906e-10
-2.237385554604288e-10
-2.158909717664415e-10
-2.080198235887565e-10
-2.001391552486353e-10
-1.922628167783103e-10
-1.844045471877109e-10
-1.765768642414400e-10
-1.687933126603980e-10
-1.610656330530702e-10
-1.534053994944884e-10
-1.458238252372013e-10
-1.383309022884305e-10
-1.309376773672710e-10
-1.236531571580102e-10
-1.164863067115718e-10
-1.094455220895796e-10
-1.025382972974498e-10
-9.577270920768655e-11
-8.915508609153022e-11
-8.269168683128214e-11
-7.638818744215570e-11
-7.024926473864213e-11
-6.428034493577428e-11
-5.848499462501877e-11
-5.286690529793248e-11
-4.742906067889407e-11
-4.217369509174063e-11
-3.710345919394342e-11
-3.221975464207105e-11
-2.752366390357253e-11
-2.301595025677727e-11
-1.869661370168529e-11
-1.456600812188569e-11
-1.062340493351854e-11
-6.867867385906834e-12
-3.298118722572241e-12
8.758965774902094e-14
3.290798189503619e-12
6.313942424451824e-12
9.159541181080755e-12
1.183037695584588e-11
1.432973878445765e-11
1.666049936899228e-11
1.882636407879446e-11
2.083105216099668e-11
2.267847715176075e-11
2.437281626521681e-11
2.591798997642059e-11
2.731846693304618e-11
2.857873659944943e-11
2.970333007334958e-11
3.069707682490375e-11
3.156438305174092e-11
3.231018577687372e-11
3.293928324543671e-11
3.345654309150348e-11
3.386693356310921e-11
3.417507596359393e-11
3.438593507154586e-11
3.450436464325080e-11
3.453513516826767e-11
3.448313509735179e-11
3.435283654762422e-11
3.414902041698475e-11
3.387623861983435e-11
3.353900837610446e-11
3.314180874181005e-11
3.268880999218737e-11
3.218430730256294e-11
3.163243798842696e-11
3.103727691522451e-11
3.040258669817497e-11
2.973222536228892e-11
2.902984450048329e-11
2.829899856116036e-11
2.754314137876079e-11
2.676545964030996e-11
2.596914697172714e-11
2.515724434326572e-11
2.433263486534276e-11
2.349812532054241e-11
2.265625360931001e-11
2.180956110153787e-11
2.096041049060027e-11
2.011104737603686e-11
1.926360460036136e-11
1.841999643092951e-11
1.758211631841533e-11
1.675168337378352e-11
1.593032997182497e-11
1.511956358724031e-11
1.432070521195650e-11
1.353505935802746e-11
1.276377788184124e-11
1.200791376054777e-11
1.126843887297446e-11
1.054615552872895e-11
9.841839149205001e-12
9.156156301898255e-12
8.489674675066228e-12
7.842904277410856e-12
7.216218941841213e-12
6.609963878329017e-12
6.024394524906107e-12
5.459701701154840e-12
4.916018547101997e-12
4.393375854089276e-12
3.891786632542749e-12
3.411197539715527e-12
2.951499288028625e-12
2.512548762795275e-12
2.094121967846641e-12
1.695989919683893e-12
1.317871159423056e-12
9.594523526362808e-13
6.203945777244479e-13
3.003029682563385e-13
-1.213222231011279e-15
-2.845820367552987e-13
-5.502488655689808e-13
-7.986716756697154e-13
-1.030344212726853e-12
-1.245752199313666e-12
-1.445401415743619e-12
-1.629805014904950e-12
-1.799478968611545e-12
-1.954959523257915e-12
-2.096770999014674e-12
-2.225443462323951e-12
-2.341503835441572e-12
-2.445489340544005e-12
-2.537921912557084e-12
-2.619323649036970e-12
-2.690211877050264e-12
-2.751093081641842e-12
-2.802477000463099e-12
-2.844854343417302e-12
-2.878710399396855e-12
-2.904520753684720e-12
-2.922747764297351e-12
-2.933849127181865e-12
-2.938264432109094e-12
-2.936422968929236e-12
-2.928741776007937e-12
-2.915622685775374e-12
-2.897460564662765e-12
-2.874630763462227e-12
-2.847497601208768e-12
-2.816410678892906e-12
-2.781706261818437e-12
-2.743709502216890e-12
-2.702728476135577e-12
-2.659059360502966e-12
-2.612984373144556e-12
-2.564771555942438e-12
-2.514679287826845e-12
-2.462949183251913e-12
-2.409812014650056e-12
-2.355485571132673e-12
-2.300175024408380e-12
-2.244075571525804e-12
-2.187368748586202e-12
-2.130225588482283e-12
-2.072806105902179e-12
-2.015259290553181e-12
-1.957725289118608e-12
-1.900332748962490e-12
-1.843201318570825e-12
-1.786441512026306e-12
-1.730154458286573e-12
-1.674433988273390e-12
-1.619364629098629e-12
-1.565023616614553e-12
-1.511480617587008e-12
-1.458798014298494e-12
-1.407032293682196e-12
-1.356232627694768e-12
-1.306442560605964e-12
-1.257699805710727e-12
-1.210036553649183e-12
-1.163480336380252e-12
-1.118053495244948e-12
-1.073773956848569e-12
-1.030655473618046e-12
-9.887077796560083e-13
-9.479372649790103e-13
-9.083465723298476e-13
-8.699353239318254e-13
-8.327002451555699e-13
-7.966352712451786e-13
-7.617321504056794e-13
-7.279801253186422e-13
-6.953665006542535e-13
-6.638766972814252e-13
-6.334944242154827e-13
-6.042020716414526e-13
-5.759805330371437e-13
-5.488095516096225e-13
-5.226678490442209e-13
-4.975333550504652e-13
-4.733831006359249e-13
-4.501935552253251e-13
-4.279406448717555e-13
-4.065998555946896e-13
-3.861464523380017e-13
-3.665553781730460e-13
-3.478014724096409e-13
-3.298595171828808e-13
-3.127042929337940e-13
-2.963107236754936e-13
-2.806538098658161e-13
-2.657087781203949e-13
-2.514511091647475e-13
-2.378565617629566e-13
-2.249012775379968e-13
-2.125617331143735e-13
-2.008148288448237e-13
-1.896379044804262e-13
-1.790087508173039e-13
-1.689056725888205e-13
-1.593074529960758e-13
-1.501933989182894e-13
-1.415433556299978e-13
-1.333377012953404e-13
-1.255573826493226e-13
-1.181838825988055e-13
-1.111992497627794e-13
-1.045860924372551e-13
-9.832757547182885e-14
-9.240743239284204e-14
-8.680993840420582e-14
-8.151992240468104e-14
-7.652275661172464e-14
-7.180434750882507e-14
-6.735113563374398e-14
-6.315007403211571e-14
-5.918862788687032e-14
-5.545476054218996e-14
-5.193692318029486e-14
-4.862404764813303e-14
-4.550552602271039e-14
-4.257120523772559e-14
-3.981137214137931e-14
-3.721674067176615e-14
-3.477844283067972e-14
-3.248800994300869e-14
-3.033736349819308e-14
-2.831880124035504e-14
-2.642498435692557e-14
-2.464892671867905e-14
-2.298397852140949e-14
-2.142381627373639e-14
-1.996242971441617e-14
-1.859410977520989e-14
-1.731343786062249e-14
-1.611527183877201e-14
-1.499473616816169e-14
-1.394721006568860e-14
-1.296831777238211e-14
-1.205391619201683e-14
-1.120008587484399e-14
-1.040312042637079e-14
-9.659516740011803e-15
-8.965966288531435e-15
-8.319344949722418e-15
-7.716704820626457e-15
-7.155265682684675e-15
-6.632406554569193e-15
-6.145658283953566e-15
-5.692695307139522e-15
-5.271328718937789e-15
-4.879499246595971e-15
-4.515270343667615e-15
-4.176822073011581e-15
-3.862444503409211e-15
-3.570532054130483e-15
-3.299577766708268e-15
-3.048167905103288e-15
-2.814976928100361e-15
-2.598762332664453e-15
-2.398360128435554e-15
-2.212680336211781e-15
-2.040702693641225e-15
-1.881472798492355e-15
-1.734097999220722e-15
-1.597743943557864e-15
-1.471631056996635e-15
-1.355031244408519e-15
-1.247264870834390e-15
-1.147697709188054e-15
-1.055738200634056e-15
-9.708348320115550e-16
-8.924736288566765e-16
-8.201758381594264e-16
-7.534956461723807e-16
-6.920181264857786e-16
-6.353572607911114e-16
-5.831540712106972e-16
-5.350748780485160e-16
-4.908096362265997e-16
-4.500703870614195e-16
-4.125898101808265e-16
-3.781198405297658e-16
-3.464304035077224e-16
-3.173081815907293e-16
-2.905555000156847e-16
-2.659892615268193e-16
-2.434399575588225e-16
-2.227507401401946e-16
-2.037765465552134e-16
-1.863832942387041e-16
-1.704471237506825e-16
-1.558536899601180e-16
-1.424975099551926e-16
-1.302813445836210e-16
-1.191156339406571e-16
-1.089179690204018e-16
-9.961260272281453e-17
-9.113000140549885e-17
-8.340642225257039e-17
-7.638353492999966e-17
-7.000806846350098e-17
-6.423149064788396e-17
-5.900971863077432e-17
-5.430285238597331e-17
-5.007494203659859e-17
-4.629377776413343e-17
-4.293070891113525e-17
-3.996048543720789e-17
-3.736112845231099e-17
-3.511382531022507e-17
-3.320285058372247e-17
-3.161551510087118e-17
-3.034214048015047e-17
-2.937606430032970e-17
-2.871367435091554e-17
-2.835447499239355e-17
-2.830118788970150e-17
-2.855988837828483e-17
-2.914018259787780e-17
-3.005542732706036e-17
-3.132299747844333e-17
-3.296460615374971e-17
-3.500668214917458e-17
-3.748081272763787e-17
-4.042425797972248e-17
-4.388054594740946e-17
-4.790015831076148e-17
-5.254131745148744e-17
-5.787088851319138e-17
-6.396541048240991e-17
-7.091227340536244e-17
-7.881106082231571e-17
-8.777507910720442e-17
-9.793309882539620e-17
-1.094313363738940e-16
-1.224357082583297e-16
-1.371343949952123e-16
-1.537407565869395e-16
-1.724966477494092e-16
-1.936761874520230e-16
-2.175900452812372e-16
-2.445903158618765e-16
-2.750760624806895e-16
-3.094996227879599e-16
-3.483737823106358e-16
-3.922799366277413e-16
-4.418773801977916e-16
-4.979138793493739e-16
-5.612377094960434e-16
-6.328113621754810e-16
-7.137271569760962e-16
-8.052250270100610e-16
-9.087127850795204e-16
-1.025789221876739e-15
-1.158270438000427e-15
-1.308219869566660e-15
-1.477982533545374e-15
-1.670224095070088e-15
-1.887975446282309e-15
-2.134683586367659e-15
-2.414269707334675e-15
-2.731195521913736e-15
-3.090539021269044e-15
-3.498081023969497e-15
-3.960404077168068e-15
-4.485005500133578e-15
-5.080426623582029e-15
-5.756400580871489e-15
-6.524021354944726e-15
-7.395937184829239e-15
-8.386571895415677e-15
-9.512378243257530e-15
