0.000000000000000e+00
2.106813610392420e-13
4.245390623659967e-13
6.447717514399143e-13
8.746453704752655e-13
1.117540621946191e-12
1.377001286938936e-12
1.656784076477097e-12
1.960910699839404e-12
2.293722847228596e-12
2.659940806780066e-12
3.064726467795701e-12
3.513751503351463e-12
4.013271576275904e-12
4.570207473267084e-12
5.192234143059110e-12
5.887878696634785e-12
6.666628521193380e-12
7.539050765729290e-12
8.516924575590435e-12
9.613387587327905e-12
1.084309834472170e-11
1.222241646341851e-11
1.376960255664938e-11
1.550504013967615e-11
1.745148195779405e-11
1.963432343393218e-11
2.208190620939028e-11
2.482585505749893e-11
2.790145178770173e-11
3.134805012970421e-11
3.520953599717164e-11
3.953483798154647e-11
4.437849342279223e-11
4.980127594950696e-11
5.587089098053021e-11
6.266274633896262e-11
7.026080585294923e-11
7.875853461167230e-11
8.825994541631476e-11
9.888075692143553e-11
1.107496750100170e-10
1.240098100938559e-10
1.388202442891699e-10
1.553577637952705e-10
1.738187733127658e-10
1.944214109887929e-10
2.174078841830230e-10
2.430470483235262e-10
2.716372532810662e-10
3.035094840503416e-10
3.390308251047750e-10
3.786082806068323e-10
4.226929857292395e-10
4.717848476963175e-10
5.264376588132148e-10
5.872647277403364e-10
6.549450796190929e-10
7.302302803938607e-10
8.139519458368284e-10
9.070300014029040e-10
1.010481765159587e-09
1.125431932693209e-09
1.253123550132983e-09
1.394930069306082e-09
1.552368587592512e-09
1.727114384343654e-09
1.921016875823310e-09
2.136117121589468e-09
2.374667027128510e-09
2.639150400455746e-09
2.932306034387417e-09
3.257153001355692e-09
3.617018364072107e-09
4.015567523145600e-09
4.456837442034786e-09
4.945273010574525e-09
5.485766830885707e-09
6.083702733885264e-09
6.745003360999990e-09
7.476182174202262e-09
8.284400288287473e-09
9.177528552572330e-09
1.016421534509193e-08
1.125396058110562e-08
1.245719647949430e-08
1.378537567566497e-08
1.525106731810754e-08
1.686806183802412e-08
1.865148513773764e-08
2.061792300416974e-08
2.278555661885539e-08
2.517431010605672e-08
2.780601113588724e-08
3.070456568032283e-08
3.389614810693741e-08
3.740940788856548e-08
4.127569430728832e-08
4.552930063862007e-08
5.020772941701430e-08
5.535198050732819e-08
6.100686383920649e-08
6.722133880304874e-08
7.404888245789503e-08
8.154788886384195e-08
8.978210202514228e-08
9.882108511564959e-08
1.087407288564781e-07
1.196238021274328e-07
1.315605481197346e-07
1.446493295786815e-07
1.589973269420316e-07
1.747212934540220e-07
1.919483716270170e-07
2.108169757338516e-07
2.314777453450670e-07
2.540945752775573e-07
2.788457276958304e-07
3.059250325053526e-07
3.355431826005820e-07
3.679291309796149e-07
4.033315972142639e-07
4.420206912702926e-07
4.842896632089264e-07
5.304567878692074e-07
5.808673942328418e-07
6.358960498105820e-07
6.959489110635669e-07
7.614662515862226e-07
8.329251805310827e-07
9.108425645521161e-07
9.957781673837690e-07
1.088338022059923e-06
1.189178051712340e-06
1.299007955874030e-06
1.418595380251371e-06
1.548770389022029e-06
1.690430259865767e-06
1.844544623144557e-06
2.012160967919051e-06
2.194410538822919e-06
2.392514649216955e-06
2.607791437513611e-06
2.841663095102076e-06
3.095663595916360e-06
3.371446959376634e-06
3.670796080199333e-06
3.995632160416756e-06
4.348024780874197e-06
4.730202651484274e-06
5.144565081616120e-06
5.593694214183656e-06
6.080368069274141e-06
6.607574445527441e-06
7.178525729939828e-06
7.796674669325096e-06
8.465731159321945e-06
9.189680109591016e-06
9.972800446699088e-06
1.081968531914223e-05
1.173526357201507e-05
1.272482256199023e-05
1.379403238652991e-05
1.494897160461122e-05
1.619615452970706e-05
1.754256017932368e-05
1.899566296905479e-05
2.056346524286655e-05
2.225453173517690e-05
2.407802606423369e-05
2.604374936032505e-05
2.816218113646918e-05
3.044452251342436e-05
3.290274191512905e-05
3.554962335501953e-05
3.839881743807336e-05
4.146489520788321e-05
4.476340497256874e-05
4.831093224787655e-05
5.212516296038843e-05
5.622495005834691e-05
6.063038368220154e-05
6.536286505156735e-05
7.044518422985465e-05
7.590160193236125e-05
8.175793554809960e-05
8.804164955004258e-05
9.478195047279697e-05
1.020098866409315e-04
1.097584528352761e-04
1.180627000884468e-04
1.269598508046177e-04
1.364894194021228e-04
1.466933386808134e-04
1.576160921191747e-04
1.693048523090096e-04
1.818096257379791e-04
1.951834041324219e-04
2.094823225746323e-04
2.247658246101056e-04
2.410968345611379e-04
2.585419372635525e-04
2.771715654431663e-04
2.970601949478827e-04
3.182865480499397e-04
3.409338050308264e-04
3.650898242586424e-04
3.908473709641834e-04
4.183043549177276e-04
4.475640772033313e-04
4.787354862813610e-04
5.119334435229409e-04
5.472789983919288e-04
5.848996734408860e-04
6.249297592772390e-04
6.675106196443601e-04
7.127910067495933e-04
7.609273869572399e-04
8.120842769491482e-04
8.664345904387667e-04
9.241599955062566e-04
9.854512826024653e-04
1.050508743248183e-03
1.119542559432070e-03
1.192773203685920e-03
1.270431849789449e-03
1.352760794028506e-03
1.440013886900467e-03
1.532456975128548e-03
1.630368353812758e-03
1.734039228509269e-03
1.843774186991958e-03
1.959891680409815e-03
2.082724513511762e-03
2.212620343566133e-03
2.349942187555663e-03
2.495068937180229e-03
2.648395881148863e-03
2.810335234189600e-03
2.981316672150663e-03
3.161787872509175e-03
3.352215059544220e-03
3.553083553369499e-03
3.764898321957214e-03
3.988184535219150e-03
4.223488120143159e-03
4.471376315913740e-03
4.732438227873824e-03
5.007285379111600e-03
5.296552258381261e-03
5.600896862989976e-03
5.921001235205258e-03
6.257571990657609e-03
6.611340837132596e-03
6.983065082064932e-03
7.373528126964472e-03
7.783539946920907e-03
8.213937553249969e-03
8.665585437260086e-03
9.139375993034070e-03
9.636229917036557e-03
1.015709658227426e-02
1.070295438465314e-02
1.127481105909482e-02
1.187370396289363e-02
1.250070032371675e-02
1.315689744957260e-02
1.384342289799774e-02
1.456143460163999e-02
1.531212094734628e-02
1.609670080579745e-02
1.691642350867011e-02
1.777256877024726e-02
1.866644655034601e-02
1.959939685538185e-02
2.057278947434603e-02
2.158802364643510e-02
2.264652765704087e-02
2.374975835878479e-02
2.489920061426409e-02
2.609636665716766e-02
2.734279536841915e-02
2.864005146401220e-02
2.998972459122017e-02
3.139342832988915e-02
3.285279909556015e-02
3.436949494121363e-02
3.594519425448844e-02
3.758159434729693e-02
3.928040993484051e-02
4.104337150112441e-02
4.287222354817739e-02
4.476872272630336e-02
4.673463584282561e-02
4.877173774693290e-02
5.088180908839889e-02
5.306663394812378e-02
5.532799733863901e-02
5.766768257292290e-02
6.008746850009779e-02
6.258912660681733e-02
6.517441798340605e-02
6.784509015408313e-02
7.060287377088727e-02
7.344947917122074e-02
7.638659279924750e-02
7.941587349171263e-02
8.253894862909825e-02
8.575741015339457e-02
8.907281045414230e-02
9.248665812479603e-02
9.600041359186522e-02
9.961548461970984e-02
1.033332216943027e-01
1.071549132897164e-01
1.110817810215524e-01
1.151149746919999e-01
1.192555672316908e-01
1.235045495440111e-01
1.278628252580229e-01
1.323312053966622e-01
1.369104029673858e-01
1.416010274829637e-01
1.464035794206304e-01
1.513184446283380e-01
1.563458886873764e-01
1.614860512411547e-01
1.667389403004612e-01
1.721044265360408e-01
1.775822375698447e-01
1.831719522768176e-01
1.888729951095896e-01
1.946846304589289e-01
2.006059570632934e-01
2.066359024812832e-01
2.127732176412452e-01
2.190164714827126e-01
2.253640457047730e-01
2.318141296368509e-01
2.383647152477510e-01
2.450135923091535e-01
2.517583437300585e-01
2.585963410789615e-01
2.655247403107883e-01
2.725404777158309e-01
2.796402661081067e-01
2.868205912706976e-01
2.940777086757284e-01
3.014076404966975e-01
3.088061729308865e-01
3.162688538495380e-01
3.237909907934151e-01
3.313676493312165e-01
3.389936517981478e-01
3.466635764317058e-01
3.543717569214532e-01
3.621122823892101e-01
3.698789978156932e-01
3.776655049291758e-01
3.854651635712272e-01
3.932710935540185e-01
4.010761770230449e-01
4.088730613384304e-01
4.166541624872210e-01
4.244116690382703e-01
4.321375466504432e-01
4.398235431439402e-01
4.474611941435532e-01
4.550418293016214e-01
4.625565791073503e-01
4.699963822880024e-01
4.773519938062574e-01
4.846139934567706e-01
4.917727950636518e-01
4.988186562792170e-01
5.057416889829630e-01
5.125318702782571e-01
5.191790540827456e-01
5.256729833069510e-01
5.320033026139654e-01
5.381595717515474e-01
5.441312794463106e-01
5.499078578480369e-01
5.554786975104905e-01
5.608331628934123e-01
5.659606083686922e-01
5.708503947120080e-01
5.754919060595206e-01
5.798745673075101e-01
5.839878619311545e-01
5.878213501969607e-01
5.913646877417099e-01
5.946076444891294e-01
5.975401238739051e-01
6.001521823410656e-01
6.024340490872424e-01
6.043761460088134e-01
6.059691078205084e-01
6.072038023066632e-01
6.080713506659967e-01
6.085631479095340e-01
6.086708832701081e-01
6.083865605807884e-01
6.077025185785502e-01
6.066114510885808e-01
6.051064270437767e-01
6.031809102932485e-01
6.008287791530179e-01
5.980443456515578e-01
5.948223744224149e-01
5.911581011958493e-01
5.870472508412410e-01
5.824860549119562e-01
5.774712686444273e-01
5.720001873633921e-01
5.660706622455612e-01
5.596811153944384e-01
5.528305541795995e-01
5.455185847944702e-01
5.377454249874934e-01
5.295119159225744e-01
5.208195331258282e-01
5.116703964769191e-01
5.020672792046870e-01
4.920136158482925e-01
4.815135091467872e-01
4.705717358218114e-01
4.591937512200548e-01
4.473856927841653e-01
4.351543823229693e-01
4.225073270541574e-01
4.094527193949918e-01
3.959994354791093e-01
3.821570323801044e-01
3.679357440252962e-01
3.533464757858777e-01
3.384007977325454e-01
3.231109365486638e-01
3.074897660960627e-01
2.915507966316630e-01
2.753081626762831e-01
2.587766095401760e-01
2.419714785130975e-01
2.249086907299658e-01
2.076047297264721e-01
1.900766227023040e-01
1.723419205129482e-01
1.544186764143394e-01
1.363254235879069e-01
1.180811514768243e-01
9.970528096749133e-02
8.121763845345212e-02
6.263842882207300e-02
4.398820740736085e-02
2.528785095528251e-02
6.558527650842959e-03
-1.217833374101569e-02
-3.090107556593144e-02
-4.958784374470328e-02
-6.821662095211291e-02
-8.676526044782390e-02
-1.052115204949903e-01
-1.235330993001468e-01
-1.417076704060449e-01
-1.597129184673502e-01
-1.775265753375322e-01
-1.951264563938688e-01
-2.124904970262487e-01
-2.295967892144085e-01
-2.464236181173741e-01
-2.629494985982012e-01
-2.791532116066375e-01
-2.950138403420426e-01
-3.105108061188249e-01
-3.256239038567776e-01
-3.403333371190194e-01
-3.546197526207758e-01
-3.684642741329687e-01
-3.818485357055211e-01
-3.947547141364164e-01
-4.071655606138922e-01
-4.190644314606821e-01
-4.304353179109465e-01
-4.412628748524496e-01
-4.515324484686464e-01
-4.612301027176216e-01
-4.703426445872867e-01
-4.788576480688607e-01
-4.867634767934524e-01
-4.940493052795037e-01
-5.007051387419398e-01
-5.067218314170971e-01
-5.120911033608637e-01
-5.168055556809306e-01
-5.208586841676486e-01
-5.242448912916677e-01
-5.269594965403110e-01
-5.289987450685006e-01
-5.303598146439639e-01
-5.310408208704480e-01
-5.310408208704388e-01
-5.303598146439548e-01
-5.289987450684914e-01
-5.269594965403018e-01
-5.242448912916585e-01
-5.208586841676397e-01
-5.168055556809218e-01
-5.120911033608553e-01
-5.067218314170892e-01
-5.007051387419321e-01
-4.940493052794965e-01
-4.867634767934454e-01
-4.788576480688542e-01
-4.703426445872805e-01
-4.612301027176158e-01
-4.515324484686410e-01
-4.412628748524446e-01
-4.304353179109419e-01
-4.190644314606777e-01
-4.071655606138883e-01
-3.947547141364129e-01
-3.818485357055179e-01
-3.684642741329659e-01
-3.546197526207734e-01
-3.403333371190174e-01
-3.256239038567759e-01
-3.105108061188235e-01
-2.950138403420416e-01
-2.791532116066369e-01
-2.629494985982009e-01
-2.464236181173743e-01
-2.295967892144091e-01
-2.124904970262496e-01
-1.951264563938701e-01
-1.775265753375339e-01
-1.597129184673522e-01
-1.417076704060474e-01
-1.235330993001496e-01
-1.052115204949934e-01
-8.676526044782733e-02
-6.821662095211664e-02
-4.958784374470730e-02
-3.090107556593574e-02
-1.217833374102025e-02
6.558527650838124e-03
2.528785095527741e-02
4.398820740735549e-02
6.263842882206738e-02
8.121763845344626e-02
9.970528096748527e-02
1.180811514768179e-01
1.363254235879003e-01
1.544186764143326e-01
1.723419205129412e-01
1.900766227022969e-01
2.076047297264647e-01
2.249086907299582e-01
2.419714785130898e-01
2.587766095401680e-01
2.753081626762749e-01
2.915507966316547e-01
3.074897660960541e-01
3.231109365486551e-01
3.384007977325366e-01
3.533464757858688e-01
3.679357440252871e-01
3.821570323800952e-01
3.959994354791000e-01
4.094527193949825e-01
4.225073270541480e-01
4.351543823229597e-01
4.473856927841557e-01
4.591937512200453e-01
4.705717358218019e-01
4.815135091467779e-01
4.920136158482832e-01
5.020672792046779e-01
5.116703964769100e-01
5.208195331258192e-01
5.295119159225655e-01
5.377454249874847e-01
5.455185847944615e-01
5.528305541795908e-01
5.596811153944300e-01
5.660706622455529e-01
5.720001873633838e-01
5.774712686444191e-01
5.824860549119480e-01
5.870472508412329e-01
5.911581011958414e-01
5.948223744224070e-01
5.980443456515501e-01
6.008287791530103e-01
6.031809102932409e-01
6.051064270437692e-01
6.066114510885735e-01
6.077025185785430e-01
6.083865605807813e-01
6.086708832701010e-01
6.085631479095270e-01
6.080713506659897e-01
6.072038023066563e-01
6.059691078205017e-01
6.043761460088067e-01
6.024340490872359e-01
6.001521823410592e-01
5.975401238738988e-01
5.946076444891232e-01
5.913646877417037e-01
5.878213501969546e-01
5.839878619311485e-01
5.798745673075042e-01
5.754919060595148e-01
5.708503947120024e-01
5.659606083686866e-01
5.608331628934068e-01
5.554786975104851e-01
5.499078578480315e-01
5.441312794463053e-01
5.381595717515423e-01
5.320033026139603e-01
5.256729833069460e-01
5.191790540827407e-01
5.125318702782523e-01
5.057416889829583e-01
4.988186562792124e-01
4.917727950636473e-01
4.846139934567662e-01
4.773519938062531e-01
4.699963822879982e-01
4.625565791073461e-01
4.550418293016174e-01
4.474611941435493e-01
4.398235431439363e-01
4.321375466504395e-01
4.244116690382667e-01
4.166541624872174e-01
4.088730613384269e-01
4.010761770230415e-01
3.932710935540152e-01
3.854651635712240e-01
3.776655049291727e-01
3.698789978156902e-01
3.621122823892072e-01
3.543717569214503e-01
3.466635764317030e-01
3.389936517981452e-01
3.313676493312140e-01
3.237909907934126e-01
3.162688538495356e-01
3.088061729308842e-01
3.014076404966954e-01
2.940777086757264e-01
2.868205912706956e-01
2.796402661081048e-01
2.725404777158291e-01
2.655247403107866e-01
2.585963410789599e-01
2.517583437300570e-01
2.450135923091521e-01
2.383647152477497e-01
2.318141296368496e-01
2.253640457047719e-01
2.190164714827116e-01
2.127732176412443e-01
2.066359024812823e-01
2.006059570632925e-01
1.946846304589281e-01
1.888729951095888e-01
1.831719522768168e-01
1.775822375698439e-01
1.721044265360401e-01
1.667389403004604e-01
1.614860512411539e-01
1.563458886873757e-01
1.513184446283374e-01
1.464035794206298e-01
1.416010274829630e-01
1.369104029673852e-01
1.323312053966616e-01
1.278628252580224e-01
1.235045495440106e-01
1.192555672316903e-01
1.151149746919994e-01
1.110817810215520e-01
1.071549132897159e-01
1.033332216943023e-01
9.961548461970944e-02
9.600041359186483e-02
9.248665812479566e-02
8.907281045414193e-02
8.575741015339422e-02
8.253894862909791e-02
7.941587349171231e-02
7.638659279924719e-02
7.344947917122044e-02
7.060287377088696e-02
6.784509015408285e-02
6.517441798340579e-02
6.258912660681706e-02
6.008746850009754e-02
5.766768257292267e-02
5.532799733863879e-02
5.306663394812357e-02
5.088180908839868e-02
4.877173774693270e-02
4.673463584282542e-02
4.476872272630317e-02
4.287222354817721e-02
4.104337150112423e-02
3.928040993484034e-02
3.758159434729676e-02
3.594519425448829e-02
3.436949494121348e-02
3.285279909556000e-02
3.139342832988901e-02
2.998972459122004e-02
2.864005146401207e-02
2.734279536841902e-02
2.609636665716754e-02
2.489920061426398e-02
2.374975835878469e-02
2.264652765704078e-02
2.158802364643501e-02
2.057278947434594e-02
1.959939685538177e-02
1.866644655034594e-02
1.777256877024719e-02
1.691642350867005e-02
1.609670080579739e-02
1.531212094734623e-02
1.456143460163995e-02
1.384342289799770e-02
1.315689744957257e-02
1.250070032371672e-02
1.187370396289361e-02
1.127481105909480e-02
1.070295438465312e-02
1.015709658227424e-02
9.636229917036540e-03
9.139375993034054e-03
8.665585437260072e-03
8.213937553249957e-03
7.783539946920896e-03
7.373528126964461e-03
6.983065082064924e-03
6.611340837132589e-03
6.257571990657603e-03
5.921001235205253e-03
5.600896862989970e-03
5.296552258381257e-03
5.007285379111596e-03
4.732438227873822e-03
4.471376315913739e-03
4.223488120143157e-03
3.988184535219149e-03
3.764898321957214e-03
3.553083553369499e-03
3.352215059544222e-03
3.161787872509177e-03
2.981316672150665e-03
2.810335234189602e-03
2.648395881148865e-03
2.495068937180231e-03
2.349942187555664e-03
2.212620343566135e-03
2.082724513511763e-03
1.959891680409817e-03
1.843774186991960e-03
1.734039228509271e-03
1.630368353812759e-03
1.532456975128549e-03
1.440013886900468e-03
1.352760794028507e-03
1.270431849789450e-03
1.192773203685921e-03
1.119542559432071e-03
1.050508743248184e-03
9.854512826024658e-04
9.241599955062568e-04
8.664345904387667e-04
8.120842769491481e-04
7.609273869572399e-04
7.127910067495932e-04
6.675106196443600e-04
6.249297592772389e-04
5.848996734408859e-04
5.472789983919287e-04
5.119334435229409e-04
4.787354862813609e-04
4.475640772033311e-04
4.183043549177275e-04
3.908473709641834e-04
3.650898242586424e-04
3.409338050308264e-04
3.182865480499397e-04
2.970601949478826e-04
2.771715654431663e-04
2.585419372635525e-04
2.410968345611378e-04
2.247658246101055e-04
2.094823225746323e-04
1.951834041324218e-04
1.818096257379791e-04
1.693048523090096e-04
1.576160921191747e-04
1.466933386808134e-04
1.364894194021228e-04
1.269598508046176e-04
1.180627000884468e-04
1.097584528352761e-04
1.020098866409315e-04
9.478195047279696e-05
8.804164955004256e-05
8.175793554809958e-05
7.590160193236122e-05
7.044518422985462e-05
6.536286505156734e-05
6.063038368220152e-05
5.622495005834688e-05
5.212516296038841e-05
4.831093224787653e-05
4.476340497256871e-05
4.146489520788319e-05
3.839881743807333e-05
3.554962335501950e-05
3.290274191512902e-05
3.044452251342433e-05
2.816218113646916e-05
2.604374936032503e-05
2.407802606423366e-05
2.225453173517687e-05
2.056346524286653e-05
1.899566296905477e-05
1.754256017932366e-05
1.619615452970705e-05
1.494897160461121e-05
1.379403238652990e-05
1.272482256199023e-05
1.173526357201507e-05
1.081968531914223e-05
9.972800446699088e-06
9.189680109591016e-06
8.465731159321945e-06
7.796674669325096e-06
7.178525729939828e-06
6.607574445527441e-06
6.080368069274141e-06
5.593694214183656e-06
5.144565081616120e-06
4.730202651484274e-06
4.348024780874197e-06
3.995632160416756e-06
3.670796080199333e-06
3.371446959376634e-06
3.095663595916360e-06
2.841663095102076e-06
2.607791437513611e-06
2.392514649216955e-06
2.194410538822919e-06
2.012160967919051e-06
1.844544623144557e-06
1.690430259865767e-06
1.548770389022029e-06
1.418595380251371e-06
1.299007955874030e-06
1.189178051712340e-06
1.088338022059923e-06
9.957781673837690e-07
9.108425645521161e-07
8.329251805310827e-07
7.614662515862226e-07
6.959489110635669e-07
6.358960498105820e-07
5.808673942328418e-07
5.304567878692074e-07
4.842896632089264e-07
4.420206912702926e-07
4.033315972142639e-07
3.679291309796149e-07
3.355431826005820e-07
3.059250325053526e-07
2.788457276958304e-07
2.540945752775573e-07
2.314777453450670e-07
2.108169757338516e-07
1.919483716270170e-07
1.747212934540220e-07
1.589973269420316e-07
1.446493295786815e-07
1.315605481197346e-07
1.196238021274328e-07
1.087407288564781e-07
9.882108511564959e-08
8.978210202514228e-08
8.154788886384195e-08
7.404888245789503e-08
6.722133880304874e-08
6.100686383920649e-08
5.535198050732819e-08
5.020772941701430e-08
4.552930063862007e-08
4.127569430728832e-08
3.740940788856548e-08
3.389614810693741e-08
3.070456568032283e-08
2.780601113588724e-08
2.517431010605672e-08
2.278555661885539e-08
2.061792300416974e-08
1.865148513773764e-08
1.686806183802412e-08
1.525106731810754e-08
1.378537567566497e-08
1.245719647949430e-08
1.125396058110562e-08
1.016421534509193e-08
9.177528552572330e-09
8.284400288287473e-09
7.476182174202262e-09
6.745003360999990e-09
6.083702733885264e-09
5.485766830885707e-09
4.945273010574525e-09
4.456837442034786e-09
4.015567523145600e-09
3.617018364072107e-09
3.257153001355692e-09
2.932306034387417e-09
2.639150400455746e-09
2.374667027128510e-09
2.136117121589468e-09
1.921016875823310e-09
1.727114384343654e-09
1.552368587592512e-09
1.394930069306082e-09
1.253123550132983e-09
1.125431932693209e-09
1.010481765159587e-09
9.070300014029040e-10
8.139519458368284e-10
7.302302803938607e-10
6.549450796190929e-10
5.872647277403364e-10
5.264376588132148e-10
4.717848476963175e-10
4.226929857292395e-10
3.786082806068323e-10
3.390308251047750e-10
3.035094840503416e-10
2.716372532810662e-10
2.430470483235262e-10
2.174078841830230e-10
1.944214109887929e-10
1.738187733127658e-10
1.553577637952705e-10
1.388202442891699e-10
1.240098100938559e-10
1.107496750100170e-10
9.888075692143553e-11
8.825994541631476e-11
7.875853461167230e-11
7.026080585294923e-11
6.266274633896262e-11
5.587089098053021e-11
4.980127594950696e-11
4.437849342279223e-11
3.953483798154647e-11
3.520953599717164e-11
3.134805012970421e-11
2.790145178770173e-11
2.482585505749893e-11
2.208190620939028e-11
1.963432343393218e-11
1.745148195779405e-11
1.550504013967615e-11
1.376960255664938e-11
1.222241646341851e-11
1.084309834472170e-11
9.613387587327905e-12
8.516924575590435e-12
7.539050765729290e-12
6.666628521193380e-12
5.887878696634785e-12
5.192234143059110e-12
4.570207473267084e-12
4.013271576275904e-12
3.513751503351463e-12
3.064726467795701e-12
2.659940806780066e-12
2.293722847228596e-12
1.960910699839404e-12
1.656784076477097e-12
1.377001286938936e-12
1.117540621946191e-12
8.746453704752655e-13
6.447717514399143e-13
4.245390623659967e-13
2.106813610392420e-13
0.000000000000000e+00
