0.000000000000000e+00
2.424748773127824e-15
4.888548676485471e-15
7.430785137768223e-15
1.009177413497927e-14
1.291338957730600e-14
1.593970490868311e-14
1.921765860994792e-14
2.279775340385715e-14
2.673479924005113e-14
3.108871055358045e-14
3.592536885223201e-14
4.131756239803667e-14
4.734601561245072e-14
5.410052186022584e-14
6.168119446338217e-14
7.019985217551649e-14
7.978155692158693e-14
9.056632339523133e-14
1.027110221228732e-13
1.163914998721268e-13
1.318049438247967e-13
1.491725187784228e-13
1.687423098143085e-13
1.907926064071206e-13
2.156355678879565e-13
2.436213145497111e-13
2.751424935454740e-13
3.106393741270949e-13
3.506055327567228e-13
3.955941952594407e-13
4.462253105366709e-13
5.031934385011635e-13
5.672765439058514e-13
6.393457977095118e-13
7.203764986497014e-13
8.114602398852279e-13
9.138184590444370e-13
1.028817524901390e-12
1.157985530341755e-12
1.303030979429967e-12
1.465863576420019e-12
1.648617346651734e-12
1.853676343648122e-12
2.083703223602644e-12
2.341670998064605e-12
2.630898308266352e-12
2.955088600483100e-12
3.318373621398054e-12
3.725361696015685e-12
4.181191298610713e-12
4.691590479941786e-12
5.262942771958252e-12
5.902360254989041e-12
6.617764542474552e-12
7.417976515284758e-12
8.312815722214149e-12
9.313210456069292e-12
1.043131961664561e-11
1.168066758367277e-11
1.307629344541610e-11
1.463491606305787e-11
1.637511659834166e-11
1.831754029343270e-11
2.048511946882205e-11
2.290331989878693e-11
2.560041293594294e-11
2.860777598844435e-11
3.196022420720974e-11
3.569637651812728e-11
3.985905943765023e-11
4.449575244183128e-11
4.965907902116008e-11
5.540734794926850e-11
6.180514972558336e-11
6.892401362351193e-11
7.684313129017884e-11
8.565015340481277e-11
9.544206651463208e-11
1.063261578338500e-10
1.184210765179159e-10
1.318580007164098e-10
1.467819205696021e-10
1.633530482515017e-10
1.817483671826393e-10
2.021633336457672e-10
2.248137452445350e-10
2.499377919570483e-10
2.777983069616585e-10
3.086852359606870e-10
3.429183454090539e-10
3.808501918797511e-10
4.228693767783524e-10
4.694041127667690e-10
5.209261305856192e-10
5.779549574892858e-10
6.410626012434476e-10
7.108786765981552e-10
7.880960143582182e-10
8.734767966458258e-10
9.678592657084355e-10
1.072165057689950e-09
1.187407217178550e-09
1.314698953095391e-09
1.455263201621684e-09
1.610443067406119e-09
1.781713220281091e-09
1.970692331177509e-09
2.179156637899302e-09
2.409054738937643e-09
2.662523721611269e-09
2.941906739556023e-09
3.249772163999177e-09
3.588934443390936e-09
3.962476816878328e-09
4.373776038850578e-09
4.826529284418582e-09
5.324783419276559e-09
5.872966831997517e-09
6.475924042506435e-09
7.138953317330399e-09
7.867847540323234e-09
8.668938606987008e-09
9.549145631354060e-09
1.051602727674509e-08
1.157783854568196e-08
1.274359238991387e-08
1.402312652902567e-08
1.542717589555502e-08
1.696745115607722e-08
1.865672379145567e-08
2.050891825554117e-08
2.253921177018390e-08
2.476414235565266e-08
2.720172573960222e-08
2.987158183476355e-08
3.279507152573686e-08
3.599544455883446e-08
3.949799938605212e-08
4.333025587515543e-08
4.752214186277431e-08
5.210619459653860e-08
5.711777818590482e-08
6.259531825967655e-08
6.858055511157769e-08
7.511881670387942e-08
8.225931299330563e-08
9.005545314355224e-08
9.856518729508007e-08
1.078513746757082e-07
1.179821799553027e-07
1.290314998748834e-07
1.410794223151430e-07
1.542127201120818e-07
1.685253820786232e-07
1.841191838511073e-07
2.011043013489245e-07
2.195999698146818e-07
2.397351915916993e-07
2.616494959957739e-07
2.854937548495633e-07
3.114310574711341e-07
3.396376491437523e-07
3.703039373424136e-07
4.036355702545049e-07
4.398545924079472e-07
4.792006825107973e-07
5.219324789122283e-07
5.683289984166708e-07
6.186911545213885e-07
6.733433815034929e-07
7.326353711561139e-07
7.969439293657977e-07
8.666749601349199e-07
9.422655850847128e-07
1.024186406927131e-06
1.112943925867957e-06
1.209083118400023e-06
1.313190188465007e-06
1.425895501505560e-06
1.547876712497504e-06
1.679862099645081e-06
1.822634116041581e-06
1.977033172243901e-06
2.143961663383329e-06
2.324388255137011e-06
2.519352443615651e-06
2.729969404983953e-06
2.957435151421614e-06
3.203032010855174e-06
3.468134448745148e-06
3.754215251099446e-06
4.062852088803496e-06
4.395734484310374e-06
4.754671202721021e-06
5.141598090305807e-06
5.558586384574562e-06
6.007851521093154e-06
6.491762463370840e-06
7.012851583304426e-06
7.573825120862361e-06
8.177574252924834e-06
8.827186802464131e-06
9.525959620553091e-06
1.027741167502805e-05
1.108529788100577e-05
1.195362370986093e-05
1.288666061471126e-05
1.388896231193045e-05
1.496538195971323e-05
1.612109027625250e-05
1.736159464165183e-05
1.869275922928893e-05
2.012082621396310e-05
2.165243810580145e-05
2.329466126056268e-05
2.505501061866078e-05
2.694147572693152e-05
2.896254809888020e-05
3.112724997087568e-05
3.344516451349045e-05
3.592646755892625e-05
3.858196090720501e-05
4.142310727554186e-05
4.446206695704638e-05
4.771173625661566e-05
5.118578777358168e-05
5.489871260235291e-05
5.886586452393848e-05
6.310350626285676e-05
6.762885788550392e-05
7.246014741758321e-05
7.761666375966683e-05
8.311881198137126e-05
8.898817107596518e-05
9.524755425849079e-05
1.019210718916526e-04
1.090341971248070e-04
1.166138343323578e-04
1.246883904387238e-04
1.332878492177754e-04
1.424438486552390e-04
1.521897614630163e-04
1.625607788346648e-04
1.735939975314071e-04
1.853285103879861e-04
1.978055003274306e-04
2.110683379733461e-04
2.251626829476681e-04
2.401365889409164e-04
2.560406126408332e-04
2.729279266038815e-04
2.908544361524007e-04
3.098789003782406e-04
3.300630573314296e-04
3.514717534698426e-04
3.741730774429182e-04
3.982384982792082e-04
4.237430080439221e-04
4.507652690286275e-04
4.793877655308806e-04
5.096969602767650e-04
5.417834555341091e-04
5.757421589585012e-04
6.116724542081318e-04
6.496783763569383e-04
6.898687921284948e-04
7.323575849655729e-04
7.772638449422848e-04
8.247120635171820e-04
8.748323331166356e-04
9.277605515282274e-04
9.836386310737508e-04
1.042614712520725e-03
1.104843383680081e-03
1.170485902625851e-03
1.239710425460288e-03
1.312692238534876e-03
1.389613995024123e-03
1.470665955734844e-03
1.556046234018963e-03
1.645961044642455e-03
1.740624956447189e-03
1.840261148625893e-03
1.945101670413406e-03
2.055387703979701e-03
2.171369830291972e-03
2.293308297694296e-03
2.421473292934080e-03
2.556145214344668e-03
2.697614946873155e-03
2.846184138621630e-03
3.002165478548772e-03
3.165882974957035e-03
3.337672234368454e-03
3.517880740369668e-03
3.706868131983817e-03
3.905006481103805e-03
4.112680568497991e-03
4.330288157875612e-03
4.558240267475393e-03
4.796961438616768e-03
5.046890000628933e-03
5.308478331548844e-03
5.582193113955081e-03
5.868515585280323e-03
6.167941781921304e-03
6.480982776441269e-03
6.808164907136380e-03
7.150029999214431e-03
7.507135576811278e-03
7.880055065048151e-03
8.269377981311193e-03
8.675710114913400e-03
9.099673694278653e-03
9.541907540767962e-03
1.000306720824913e-02
1.048382510749331e-02
1.098487061446516e-02
1.150691016155767e-02
1.205066731080822e-02
1.261688280811975e-02
1.320631461749877e-02
1.381973793431240e-02
1.445794517655758e-02
1.512174595312946e-02
1.581196700807033e-02
1.652945213977801e-02
1.727506209415118e-02
1.804967443065039e-02
1.885418336025657e-02
1.968949955431456e-02
2.055654992325686e-02
2.145627736421354e-02
2.238964047652644e-02
2.335761324420234e-02
2.436118468435693e-02
2.540135846072335e-02
2.647915246132233e-02
2.759559833941811e-02
2.875174101691396e-02
2.994863814937398e-02
3.118735955189390e-02
3.246898658508245e-02
3.379461150045732e-02
3.516533674460529e-02
3.658227422150432e-02
3.804654451245824e-02
3.955927605314893e-02
4.112160426737022e-02
4.273467065706913e-02
4.439962184838517e-02
4.611760859344678e-02
4.788978472775555e-02
4.971730608306309e-02
5.160132935572394e-02
5.354301093058785e-02
5.554350566057904e-02
5.760396560219670e-02
5.972553870726025e-02
6.190936747131496e-02
6.415658753920855e-02
6.646832626844631e-02
6.884570125103170e-02
7.128981879460132e-02
7.380177236376614e-02
7.638264098267744e-02
7.903348759994146e-02
8.175535741711681e-02
8.454927618213756e-02
8.741624844911611e-02
9.035725580609158e-02
9.337325507240128e-02
9.646517646746648e-02
9.963392175289455e-02
1.028803623499141e-01
1.062053374342697e-01
1.096096520108163e-01
1.130940749701604e-01
1.166593371298089e-01
1.203061292623886e-01
1.240351001136081e-01
1.278468544127372e-01
1.317419508784770e-01
1.357209002231947e-01
1.397841631585901e-01
1.439321484059525e-01
1.481652107142541e-01
1.524836488894096e-01
1.568877038381098e-01
1.613775566297132e-01
1.659533265797438e-01
1.706150693586153e-01
1.753627751292497e-01
1.801963667173190e-01
1.851156978178802e-01
1.901205512422131e-01
1.952106372087030e-01
2.003855916816384e-01
2.056449747618063e-01
2.109882691327834e-01
2.164148785668200e-01
2.219241264942108e-01
2.275152546400302e-01
2.331874217320908e-01
2.389397022839493e-01
2.447710854567477e-01
2.506804740036265e-01
2.566666833003926e-01
2.627284404660545e-01
2.688643835767648e-01
2.750730609766232e-01
2.813529306887007e-01
2.877023599295422e-01
2.941196247302920e-01
3.006029096674657e-01
3.071503077062618e-01
3.137598201591666e-01
3.204293567624573e-01
3.271567358730526e-01
3.339396847879941e-01
3.407758401886674e-01
3.476627487116918e-01
3.545978676482161e-01
3.615785657731621e-01
3.686021243057531e-01
3.756657380024538e-01
3.827665163832281e-01
3.899014850918016e-01
3.970675873903802e-01
4.042616857890485e-01
4.114805638098236e-01
4.187209278851029e-01
4.259794093899919e-01
4.332525668077465e-01
4.405368880273135e-01
4.478287927716896e-01
4.551246351555672e-01
4.624207063704708e-01
4.697132374953278e-01
4.769984024301576e-01
4.842723209503049e-01
4.915310618783766e-01
4.987706463707954e-01
5.059870513156168e-01
5.131762128380138e-01
5.203340299095800e-01
5.274563680573597e-01
5.345390631682738e-01
5.415779253843788e-01
5.485687430841668e-01
5.555072869448948e-01
5.623893140807189e-01
5.692105722512041e-01
5.759668041345825e-01
5.826537516599465e-01
5.892671603923865e-01
5.958027839649139e-01
6.022563885508520e-01
6.086237573702367e-01
6.149006952236311e-01
6.210830330466350e-01
6.271666324782658e-01
6.331473904362883e-01
6.390212436924875e-01
6.447841734408085e-01
6.504322098512353e-01
6.559614366022369e-01
6.613679953845810e-01
6.666480903693032e-01
6.717979926326280e-01
6.768140445306448e-01
6.816926640165832e-01
6.864303488935759e-01
6.910236809958574e-01
6.954693302914287e-01
6.997640588993056e-01
7.039047250145798e-01
7.078882867346384e-01
7.117118057800289e-01
7.153724511036006e-01
7.188675023817258e-01
7.221943533815749e-01
7.253505151986133e-01
7.283336193586946e-01
7.311414207793379e-01
7.337718005850082e-01
7.362227687714584e-01
7.384924667144445e-01
7.405791695183868e-01
7.424812882008223e-01
7.441973717087770e-01
7.457261087634752e-01
7.470663295301031e-01
7.482170071096509e-01
7.491772588501702e-01
7.499463474751020e-01
7.505236820266564e-01
7.509088186225549e-01
7.511014610247769e-01
7.511014610247769e-01
7.509088186225549e-01
7.505236820266564e-01
7.499463474751020e-01
7.491772588501702e-01
7.482170071096509e-01
7.470663295301031e-01
7.457261087634752e-01
7.441973717087770e-01
7.424812882008223e-01
7.405791695183868e-01
7.384924667144445e-01
7.362227687714584e-01
7.337718005850082e-01
7.311414207793379e-01
7.283336193586946e-01
7.253505151986133e-01
7.221943533815749e-01
7.188675023817258e-01
7.153724511036006e-01
7.117118057800289e-01
7.078882867346384e-01
7.039047250145798e-01
6.997640588993056e-01
6.954693302914287e-01
6.910236809958574e-01
6.864303488935759e-01
6.816926640165832e-01
6.768140445306448e-01
6.717979926326280e-01
6.666480903693032e-01
6.613679953845810e-01
6.559614366022369e-01
6.504322098512353e-01
6.447841734408085e-01
6.390212436924875e-01
6.331473904362883e-01
6.271666324782658e-01
6.210830330466350e-01
6.149006952236311e-01
6.086237573702367e-01
6.022563885508520e-01
5.958027839649139e-01
5.892671603923865e-01
5.826537516599465e-01
5.759668041345825e-01
5.692105722512041e-01
5.623893140807189e-01
5.555072869448948e-01
5.485687430841668e-01
5.415779253843788e-01
5.345390631682738e-01
5.274563680573597e-01
5.203340299095800e-01
5.131762128380138e-01
5.059870513156168e-01
4.987706463707954e-01
4.915310618783766e-01
4.842723209503049e-01
4.769984024301576e-01
4.697132374953278e-01
4.624207063704708e-01
4.551246351555672e-01
4.478287927716896e-01
4.405368880273135e-01
4.332525668077465e-01
4.259794093899919e-01
4.187209278851029e-01
4.114805638098236e-01
4.042616857890485e-01
3.970675873903802e-01
3.899014850918016e-01
3.827665163832281e-01
3.756657380024538e-01
3.686021243057531e-01
3.615785657731621e-01
3.545978676482161e-01
3.476627487116918e-01
3.407758401886674e-01
3.339396847879941e-01
3.271567358730526e-01
3.204293567624573e-01
3.137598201591666e-01
3.071503077062618e-01
3.006029096674657e-01
2.941196247302920e-01
2.877023599295422e-01
2.813529306887007e-01
2.750730609766232e-01
2.688643835767648e-01
2.627284404660545e-01
2.566666833003926e-01
2.506804740036265e-01
2.447710854567477e-01
2.389397022839493e-01
2.331874217320908e-01
2.275152546400302e-01
2.219241264942108e-01
2.164148785668200e-01
2.109882691327834e-01
2.056449747618063e-01
2.003855916816384e-01
1.952106372087030e-01
1.901205512422131e-01
1.851156978178802e-01
1.801963667173190e-01
1.753627751292497e-01
1.706150693586153e-01
1.659533265797438e-01
1.613775566297132e-01
1.568877038381098e-01
1.524836488894096e-01
1.481652107142541e-01
1.439321484059525e-01
1.397841631585901e-01
1.357209002231947e-01
1.317419508784770e-01
1.278468544127372e-01
1.240351001136081e-01
1.203061292623886e-01
1.166593371298089e-01
1.130940749701604e-01
1.096096520108163e-01
1.062053374342697e-01
1.028803623499141e-01
9.963392175289455e-02
9.646517646746648e-02
9.337325507240128e-02
9.035725580609158e-02
8.741624844911611e-02
8.454927618213756e-02
8.175535741711681e-02
7.903348759994146e-02
7.638264098267744e-02
7.380177236376614e-02
7.128981879460132e-02
6.884570125103170e-02
6.646832626844631e-02
6.415658753920855e-02
6.190936747131496e-02
5.972553870726025e-02
5.760396560219670e-02
5.554350566057904e-02
5.354301093058785e-02
5.160132935572394e-02
4.971730608306309e-02
4.788978472775555e-02
4.611760859344678e-02
4.439962184838517e-02
4.273467065706913e-02
4.112160426737022e-02
3.955927605314893e-02
3.804654451245824e-02
3.658227422150432e-02
3.516533674460529e-02
3.379461150045732e-02
3.246898658508245e-02
3.118735955189390e-02
2.994863814937398e-02
2.875174101691396e-02
2.759559833941811e-02
2.647915246132233e-02
2.540135846072335e-02
2.436118468435693e-02
2.335761324420234e-02
2.238964047652644e-02
2.145627736421354e-02
2.055654992325686e-02
1.968949955431456e-02
1.885418336025657e-02
1.804967443065039e-02
1.727506209415118e-02
1.652945213977801e-02
1.581196700807033e-02
1.512174595312946e-02
1.445794517655758e-02
1.381973793431240e-02
1.320631461749877e-02
1.261688280811975e-02
1.205066731080822e-02
1.150691016155767e-02
1.098487061446516e-02
1.048382510749331e-02
1.000306720824913e-02
9.541907540767962e-03
9.099673694278653e-03
8.675710114913400e-03
8.269377981311193e-03
7.880055065048151e-03
7.507135576811278e-03
7.150029999214431e-03
6.808164907136380e-03
6.480982776441269e-03
6.167941781921304e-03
5.868515585280323e-03
5.582193113955081e-03
5.308478331548844e-03
5.046890000628933e-03
4.796961438616768e-03
4.558240267475393e-03
4.330288157875612e-03
4.112680568497991e-03
3.905006481103805e-03
3.706868131983817e-03
3.517880740369668e-03
3.337672234368454e-03
3.165882974957035e-03
3.002165478548772e-03
2.846184138621630e-03
2.697614946873155e-03
2.556145214344668e-03
2.421473292934080e-03
2.293308297694296e-03
2.171369830291972e-03
2.055387703979701e-03
1.945101670413406e-03
1.840261148625893e-03
1.740624956447189e-03
1.645961044642455e-03
1.556046234018963e-03
1.470665955734844e-03
1.389613995024123e-03
1.312692238534876e-03
1.239710425460288e-03
1.170485902625851e-03
1.104843383680081e-03
1.042614712520725e-03
9.836386310737508e-04
9.277605515282274e-04
8.748323331166356e-04
8.247120635171820e-04
7.772638449422848e-04
7.323575849655729e-04
6.898687921284948e-04
6.496783763569383e-04
6.116724542081318e-04
5.757421589585012e-04
5.417834555341091e-04
5.096969602767650e-04
4.793877655308806e-04
4.507652690286275e-04
4.237430080439221e-04
3.982384982792082e-04
3.741730774429182e-04
3.514717534698426e-04
3.300630573314296e-04
3.098789003782406e-04
2.908544361524007e-04
2.729279266038815e-04
2.560406126408332e-04
2.401365889409164e-04
2.251626829476681e-04
2.110683379733461e-04
1.978055003274306e-04
1.853285103879861e-04
1.735939975314071e-04
1.625607788346648e-04
1.521897614630163e-04
1.424438486552390e-04
1.332878492177754e-04
1.246883904387238e-04
1.166138343323578e-04
1.090341971248070e-04
1.019210718916526e-04
9.524755425849079e-05
8.898817107596518e-05
8.311881198137126e-05
7.761666375966683e-05
7.246014741758321e-05
6.762885788550392e-05
6.310350626285676e-05
5.886586452393848e-05
5.489871260235291e-05
5.118578777358168e-05
4.771173625661566e-05
4.446206695704638e-05
4.142310727554186e-05
3.858196090720501e-05
3.592646755892625e-05
3.344516451349045e-05
3.112724997087568e-05
2.896254809888020e-05
2.694147572693152e-05
2.505501061866078e-05
2.329466126056268e-05
2.165243810580145e-05
2.012082621396310e-05
1.869275922928893e-05
1.736159464165183e-05
1.612109027625250e-05
1.496538195971323e-05
1.388896231193045e-05
1.288666061471126e-05
1.195362370986093e-05
1.108529788100577e-05
1.027741167502805e-05
9.525959620553091e-06
8.827186802464131e-06
8.177574252924834e-06
7.573825120862361e-06
7.012851583304426e-06
6.491762463370840e-06
6.007851521093154e-06
5.558586384574562e-06
5.141598090305807e-06
4.754671202721021e-06
4.395734484310374e-06
4.062852088803496e-06
3.754215251099446e-06
3.468134448745148e-06
3.203032010855174e-06
2.957435151421614e-06
2.729969404983953e-06
2.519352443615651e-06
2.324388255137011e-06
2.143961663383329e-06
1.977033172243901e-06
1.822634116041581e-06
1.679862099645081e-06
1.547876712497504e-06
1.425895501505560e-06
1.313190188465007e-06
1.209083118400023e-06
1.112943925867957e-06
1.024186406927131e-06
9.422655850847128e-07
8.666749601349199e-07
7.969439293657977e-07
7.326353711561139e-07
6.733433815034929e-07
6.186911545213885e-07
5.683289984166708e-07
5.219324789122283e-07
4.792006825107973e-07
4.398545924079472e-07
4.036355702545049e-07
3.703039373424136e-07
3.396376491437523e-07
3.114310574711341e-07
2.854937548495633e-07
2.616494959957739e-07
2.397351915916993e-07
2.195999698146818e-07
2.011043013489245e-07
1.841191838511073e-07
1.685253820786232e-07
1.542127201120818e-07
1.410794223151430e-07
1.290314998748834e-07
1.179821799553027e-07
1.078513746757082e-07
9.856518729508007e-08
9.005545314355224e-08
8.225931299330563e-08
7.511881670387942e-08
6.858055511157769e-08
6.259531825967655e-08
5.711777818590482e-08
5.210619459653860e-08
4.752214186277431e-08
4.333025587515543e-08
3.949799938605212e-08
3.599544455883446e-08
3.279507152573686e-08
2.987158183476355e-08
2.720172573960222e-08
2.476414235565266e-08
2.253921177018390e-08
2.050891825554117e-08
1.865672379145567e-08
1.696745115607722e-08
1.542717589555502e-08
1.402312652902567e-08
1.274359238991387e-08
1.157783854568196e-08
1.051602727674509e-08
9.549145631354060e-09
8.668938606987008e-09
7.867847540323234e-09
7.138953317330399e-09
6.475924042506435e-09
5.872966831997517e-09
5.324783419276559e-09
4.826529284418582e-09
4.373776038850578e-09
3.962476816878328e-09
3.588934443390936e-09
3.249772163999177e-09
2.941906739556023e-09
2.662523721611269e-09
2.409054738937643e-09
2.179156637899302e-09
1.970692331177509e-09
1.781713220281091e-09
1.610443067406119e-09
1.455263201621684e-09
1.314698953095391e-09
1.187407217178550e-09
1.072165057689950e-09
9.678592657084355e-10
8.734767966458258e-10
7.880960143582182e-10
7.108786765981552e-10
6.410626012434476e-10
5.779549574892858e-10
5.209261305856192e-10
4.694041127667690e-10
4.228693767783524e-10
3.808501918797511e-10
3.429183454090539e-10
3.086852359606870e-10
2.777983069616585e-10
2.499377919570483e-10
2.248137452445350e-10
2.021633336457672e-10
1.817483671826393e-10
1.633530482515017e-10
1.467819205696021e-10
1.318580007164098e-10
1.184210765179159e-10
1.063261578338500e-10
9.544206651463208e-11
8.565015340481277e-11
7.684313129017884e-11
6.892401362351193e-11
6.180514972558336e-11
5.540734794926850e-11
4.965907902116008e-11
4.449575244183128e-11
3.985905943765023e-11
3.569637651812728e-11
3.196022420720974e-11
2.860777598844435e-11
2.560041293594294e-11
2.290331989878693e-11
2.048511946882205e-11
1.831754029343270e-11
1.637511659834166e-11
1.463491606305787e-11
1.307629344541610e-11
1.168066758367277e-11
1.043131961664561e-11
9.313210456069292e-12
8.312815722214149e-12
7.417976515284758e-12
6.617764542474552e-12
5.902360254989041e-12
5.262942771958252e-12
4.691590479941786e-12
4.181191298610713e-12
3.725361696015685e-12
3.318373621398054e-12
2.955088600483100e-12
2.630898308266352e-12
2.341670998064605e-12
2.083703223602644e-12
1.853676343648122e-12
1.648617346651734e-12
1.465863576420019e-12
1.303030979429967e-12
1.157985530341755e-12
1.028817524901390e-12
9.138184590444370e-13
8.114602398852279e-13
7.203764986497014e-13
6.393457977095118e-13
5.672765439058514e-13
5.031934385011635e-13
4.462253105366709e-13
3.955941952594407e-13
3.506055327567228e-13
3.106393741270949e-13
2.751424935454740e-13
2.436213145497111e-13
2.156355678879565e-13
1.907926064071206e-13
1.687423098143085e-13
1.491725187784228e-13
1.318049438247967e-13
1.163914998721268e-13
1.027110221228732e-13
9.056632339523133e-14
7.978155692158693e-14
7.019985217551649e-14
6.168119446338217e-14
5.410052186022584e-14
4.734601561245072e-14
4.131756239803667e-14
3.592536885223201e-14
3.108871055358045e-14
2.673479924005113e-14
2.279775340385715e-14
1.921765860994792e-14
1.593970490868311e-14
1.291338957730600e-14
1.009177413497927e-14
7.430785137768223e-15
4.888548676485471e-15
2.424748773127824e-15
0.000000000000000e+00
