-8.542359294493846e-13
-7.562888128109523e-13
-6.697532348897164e-13
-5.932794629565055e-13
-5.256797137463008e-13
-4.659084549966343e-13
-4.130451344146270e-13
-3.662790331908476e-13
-3.248959794251825e-13
-2.882666901915407e-13
-2.558365400745183e-13
-2.271165794128543e-13
-2.016756476560552e-13
-1.791334465994906e-13
-1.591544551692051e-13
-1.414425821945259e-13
-1.257364665103382e-13
-1.118053450057107e-13
-9.944541909323949e-14
-8.847665869177086e-14
-7.873999035124444e-14
-7.009482274327046e-14
-6.241686850879654e-14
-5.559622650237580e-14
-4.953569289544523e-14
-4.414927346580529e-14
-3.936087279505077e-14
-3.510313906018372e-14
-3.131644571164800e-14
-2.794799360514762e-14
-2.495101915710755e-14
-2.228409584759909e-14
-1.991051792380869e-14
-1.779775651827420e-14
-1.591697956720310e-14
-1.424262795890022e-14
-1.275204125801833e-14
-1.142512713941511e-14
-1.024406938716080e-14
-9.193069907154428e-15
-8.258120778099573e-15
-7.426802808145167e-15
-6.688107502366151e-15
-6.032279730581124e-15
-5.450678658891397e-15
-4.935654866701877e-15
-4.480441749164048e-15
-4.079059577097915e-15
-3.726230770768864e-15
-3.417305080858418e-15
-3.148193594159666e-15
-2.915310525678884e-15
-2.715521942743338e-15
-2.546100666442208e-15
-2.404686614933657e-15
-2.289252069148636e-15
-2.198071253223852e-15
-2.129693795290700e-15
-2.082921711174716e-15
-2.056789421676532e-15
-2.050546653301044e-15
-2.063643794162050e-15
-2.095719518016109e-15
-2.146590548522848e-15
-2.216243170407325e-15
-2.304826565693016e-15
-2.412647657678255e-15
-2.540167345403299e-15
-2.687998231385178e-15
-2.856903369059457e-15
-3.047796377758341e-15
-3.261742556095775e-15
-3.499960947851029e-15
-3.763827626289320e-15
-4.054879642294870e-15
-4.374820150409169e-15
-4.725524300424884e-15
-5.109045866824879e-15
-5.527625083009796e-15
-5.983696889943125e-15
-6.479900446246706e-15
-7.019089170173363e-15
-7.604341612068879e-15
-8.238973527073034e-15
-8.926550199283552e-15
-9.670900273870305e-15
-1.047612995480334e-14
-1.134663804630516e-14
-1.228713253285888e-14
-1.330264696731058e-14
-1.439855895008412e-14
-1.558060869773160e-14
-1.685491825337587e-14
-1.822801292723200e-14
-1.970684243934375e-14
-2.129880375307721e-14
-2.301176399464118e-14
-2.485408529166665e-14
-2.683464969781297e-14
-2.896288617870818e-14
-3.124879752509742e-14
-3.370298877476878e-14
-3.633669497273464e-14
-3.916181236586693e-14
-4.219092949165330e-14
-4.543735895516752e-14
-4.891516730021572e-14
-5.263921222584659e-14
-5.662517232514869e-14
-6.088958555907514e-14
-6.544988217161453e-14
-7.032441855787395e-14
-7.553251805400933e-14
-8.109450127159287e-14
-8.703172807868351e-14
-9.336663134879589e-14
-1.001227514245534e-13
-1.073247762194043e-13
-1.149985725313709e-13
-1.231712274682549e-13
-1.318710783055484e-13
-1.411277430854993e-13
-1.509721599512038e-13
-1.614366112341061e-13
-1.725547555353707e-13
-1.843616591719810e-13
-1.968938052294037e-13
-2.101891399366429e-13
-2.242870597489875e-13
-2.392284543349332e-13
-2.550557110231056e-13
-2.718127071789638e-13
-2.895448326511730e-13
-3.082989711368804e-13
-3.281235055815494e-13
-3.490682936150050e-13
-3.711846442580271e-13
-3.945253026757577e-13
-4.191443936382515e-13
-4.450974001328945e-13
-4.724410890372620e-13
-5.012334626264834e-13
-5.315336353299473e-13
-5.634018371194344e-13
-5.968992453730764e-13
-6.320878942428314e-13
-6.690305569169040e-13
-7.077905402142555e-13
-7.484316739966921e-13
-7.910180189424983e-13
-8.356137276330331e-13
-8.822828103481205e-13
-9.310889038260549e-13
-9.820951247269008e-13
-1.035363700326128e-12
-1.090955771155936e-12
-1.148930975112075e-12
-1.209347165391874e-12
-1.272260193653811e-12
-1.337723346740596e-12
-1.405787109509953e-12
-1.476498551582759e-12
-1.549900997000202e-12
-1.626033637976750e-12
-1.704930887766985e-12
-1.786622004582971e-12
-1.871130322488338e-12
-1.958472721155661e-12
-2.048659270112614e-12
-2.141692374932769e-12
-2.237566336778457e-12
-2.336266112344535e-12
-2.437767188497508e-12
-2.542034664091818e-12
-2.649022589284143e-12
-2.758673071066604e-12
-2.870915385576236e-12
-2.985665093792594e-12
-3.102823695948307e-12
-3.222277384696583e-12
-3.343896448800010e-12
-3.467533999193008e-12
-3.593025088067560e-12
-3.720186620781787e-12
-3.848816109027452e-12
-3.978689570188244e-12
-4.109563262063264e-12
-4.241169657766448e-12
-4.373219532815761e-12
-4.505400162647076e-12
-4.637372856054235e-12
-4.768775435301520e-12
-4.899218238128139e-12
-5.028286597860698e-12
-5.155538485273475e-12
-5.280503004257905e-12
-5.402683915479642e-12
-5.521553402216064e-12
-5.636558223203608e-12
-5.747115836614997e-12
-5.852613505592449e-12
-5.952413312682731e-12
-6.045845519098841e-12
-6.132215340983599e-12
-6.210801892312517e-12
-6.280854796762020e-12
-6.341600259241603e-12
-6.392241065893839e-12
-6.431957126195459e-12
-6.459909538715503e-12
-6.475236525357170e-12
-6.477060207621399e-12
-6.464491268676209e-12
-6.436628790726373e-12
-6.392563236569393e-12
-6.331378021688649e-12
-6.252154393163178e-12
-6.153982488529830e-12
-6.035954288469147e-12
-5.897183349284907e-12
-5.736787889350226e-12
-5.553914749975575e-12
-5.347745900621814e-12
-5.117494318931937e-12
-4.862422096907348e-12
-4.581832092551141e-12
-4.275090047592411e-12
-3.941632827422770e-12
-3.580970806341122e-12
-3.192708250554510e-12
-2.776529874071176e-12
-2.332229027957045e-12
-1.859726348613089e-12
-1.359065204126209e-12
-8.304394498448442e-13
-2.741795505911693e-13
3.092213984867698e-13
9.190690743177132e-13
1.554496115163673e-12
2.214401838979141e-12
2.897488238923218e-12
3.602234829869211e-12
4.326827524742116e-12
5.069206339414212e-12
5.827014218362514e-12
6.597607009328765e-12
7.378045223382923e-12
8.164999058812850e-12
8.954813453254662e-12
9.743482930202330e-12
1.052658654687733e-11
1.129934167065638e-11
1.205650596719510e-11
1.279239127821574e-11
1.350092693891414e-11
1.417548543825031e-11
1.480903420725266e-11
1.539398816752247e-11
1.592223922153302e-11
1.638521957003647e-11
1.677372823971623e-11
1.707810108608765e-11
1.728804772949122e-11
1.739266543288043e-11
1.738060390055196e-11
1.723974955847307e-11
1.695755688646550e-11
1.652074657632063e-11
1.591544257495414e-11
1.512727616781451e-11
1.414109454533907e-11
1.294132856433095e-11
1.151166661994552e-11
9.835184749951154e-12
7.894549597375899e-12
5.671640240789699e-12
3.147957589044736e-12
3.043121310497554e-13
-2.878846466769502e-12
-6.421706916226455e-12
-1.034494365170779e-11
-1.466948784667466e-11
-1.941692640006210e-11
-2.460896070255458e-11
-3.026781603132633e-11
-3.641605073045895e-11
-4.307621620514013e-11
-5.027138427760036e-11
-5.802437696988960e-11
-6.635847427105546e-11
-7.529685902563088e-11
-8.486249897243781e-11
-9.507855613932747e-11
-1.059676651982144e-10
-1.175524400043315e-10
-1.298552584905188e-10
-1.428976520445602e-10
-1.567012630765419e-10
-1.712863947900267e-10
-1.866732601829568e-10
-2.028811424414911e-10
-2.199282006509762e-10
-2.378320318463523e-10
-2.566086926281130e-10
-2.762735873407252e-10
-2.968401080494232e-10
-3.183209390522634e-10
-3.407271131905532e-10
-3.640675400040649e-10
-3.883501575874249e-10
-4.135802672555755e-10
-4.397618380558299e-10
-4.668967434895421e-10
-4.949841508894437e-10
-5.240216732760317e-10
-5.540037872897585e-10
-5.849230266807837e-10
-6.167694688308245e-10
-6.495296939190709e-10
-6.831884502567220e-10
-7.177267946634203e-10
-7.531233969793050e-10
-7.893540265868637e-10
-8.263905948435735e-10
-8.642027926608620e-10
-9.027561198582390e-10
-9.420135782534089e-10
-9.819348389950022e-10
-1.022475354384156e-09
-1.063588411787109e-09
-1.105222885433577e-09
-1.147324735217836e-09
-1.189837006698724e-09
-1.232698304542978e-09
-1.275845068482440e-09
-1.319209103067820e-09
-1.362720214448387e-09
-1.406304739326458e-09
-1.449885350668367e-09
-1.493382667527854e-09
-1.536713506444798e-09
-1.579792963113391e-09
-1.622532386225117e-09
-1.664841431381348e-09
-1.706627894559887e-09
-1.747795963513710e-09
-1.788249548440035e-09
-1.827889450911613e-09
-1.866616139434285e-09
-1.904328750246265e-09
-1.940924532206623e-09
-1.976301400308245e-09
-2.010355271142572e-09
-2.042983227035222e-09
-2.074082683378720e-09
-2.103550056364867e-09
-2.131284426720725e-09
-2.157184320061845e-09
-2.181150648983277e-09
-2.203087101637635e-09
-2.222897532710988e-09
-2.240490792893013e-09
-2.255776287984901e-09
-2.268668641836058e-09
-2.279085808964965e-09
-2.286948797003419e-09
-2.292184941854458e-09
-2.294724521512137e-09
-2.294505252464774e-09
-2.291468126358609e-09
-2.285562239467964e-09
-2.276742350204586e-09
-2.264969545251461e-09
-2.250212460808143e-09
-2.232446894012696e-09
-2.211656635608961e-09
-2.187834025058066e-09
-2.160978285203896e-09
-2.131098741919857e-09
-2.098212048551318e-09
-2.062345849651592e-09
-2.023535894402073e-09
-1.981827257857560e-09
-1.937275451169285e-09
-1.889944645228070e-09
-1.839909780088078e-09
-1.787255898832996e-09
-1.732076482241496e-09
-1.674477001500918e-09
-1.614570921404379e-09
-1.552482919997544e-09
-1.488347001199486e-09
-1.422306605824986e-09
-1.354514500562232e-09
-1.285133111039727e-09
-1.214333078536356e-09
-1.142294925315923e-09
-1.069206057024985e-09
-9.952625390496905e-10
-9.206684303819657e-10
-8.456341182849769e-10
-7.703772064715508e-10
-6.951204056804272e-10
-6.200934210554010e-10
-5.455297324985509e-10
-4.716673718263564e-10
-3.987489227696983e-10
-3.270185233716916e-10
-2.567230872330128e-10
-1.881120814672954e-10
-1.214339739874504e-10
-5.693856497401839e-11
5.125788682391885e-12
6.451306155952352e-11
1.209782274358417e-10
1.742812560934226e-10
2.241858920726258e-10
2.704608759174221e-10
3.128816095099296e-10
3.512296009589022e-10
3.852955732241981e-10
4.148772436707304e-10
4.397836539382638e-10
4.598341707406917e-10
4.748584858660365e-10
4.847000023566750e-10
4.892132254852299e-10
4.882685922247276e-10
4.817509724475144e-10
4.695582811464760e-10
4.516080842620340e-10
4.278311593886031e-10
3.981789342688558e-10
3.626176026116923e-10
3.211343413411782e-10
2.737348125947392e-10
2.204422200335898e-10
1.613026379132521e-10
9.637862730116353e-11
2.575567537022039e-11
-5.045963646921336e-11
-1.321436848833457e-10
-2.191478110091793e-10
-3.113068414162257e-10
-4.084318161456935e-10
-5.103134859130165e-10
-6.167252819544444e-10
-7.274168767334999e-10
-8.421222330579070e-10
-9.605531647860488e-10
-1.082403000562948e-09
-1.207349942244917e-09
-1.335050972550711e-09
-1.465150355206557e-09
-1.597273462800031e-09
-1.731030664295363e-09
-1.866021491839231e-09
-2.001828147690787e-09
-2.138025000097965e-09
-2.274172419824971e-09
-2.409821175941573e-09
-2.544516347624537e-09
-2.677791891003700e-09
-2.809179722174093e-09
-2.938204235469755e-09
-3.064386633333527e-09
-3.187249214553489e-09
-3.306310142336955e-09
-3.421092353850241e-09
-3.531118036859127e-09
-3.635916845379228e-09
-3.735021347761602e-09
-3.827971828407328e-09
-3.914319202102945e-09
-3.993621378040046e-09
-4.065451530976816e-09
-4.129393327279018e-09
-4.185045310300950e-09
-4.232024009009905e-09
-4.269961106917464e-09
-4.298509381772675e-09
-4.317339763471040e-09
-4.326145108812796e-09
-4.324642144393209e-09
-4.312569523712284e-09
-4.289692767667219e-09
-4.255801822061756e-09
-4.210713722141435e-09
-4.154274313439288e-09
-4.086356586441298e-09
-4.006864839922741e-09
-3.915731516812571e-09
-3.812919868728670e-09
-3.698425343756639e-09
-3.572273254981440e-09
-3.434522444223376e-09
-3.285261507279813e-09
-3.124612679705763e-09
-2.952729172278623e-09
-2.769796947355019e-09
-2.769787732503914e-09
-2.952720068449821e-09
-3.124603464854658e-09
-3.285252292428709e-09
-3.434513118349969e-09
-3.572264595241847e-09
-3.698416572994745e-09
-3.812911431033683e-09
-3.915723190139886e-09
-4.006856735294662e-09
-4.086349703058545e-09
-4.154267374545384e-09
-4.210707171825590e-09
-4.255795160723608e-09
-4.289686494907130e-09
-4.312564638730976e-09
-4.324637092878447e-09
-4.326140445876092e-09
-4.317334767467429e-09
-4.298504774347123e-09
-4.269958275848751e-09
-4.232020844874285e-09
-4.185042479232237e-09
-4.129390218654549e-09
-4.065448644396952e-09
-3.993620600883929e-09
-3.914317869835315e-09
-3.827970884717757e-09
-3.735020015493973e-09
-3.635915624133901e-09
-3.531119147082151e-09
-3.421092908961754e-09
-3.306311086026525e-09
-3.187249547620397e-09
-3.064387327222917e-09
-2.938206289382350e-09
-2.809182164664747e-09
-2.677794652683474e-09
-2.544518401537132e-09
-2.409823590676652e-09
-2.274176152949892e-09
-2.138029017717535e-09
-2.001832439396667e-09
-1.866024985572312e-09
-1.731034498034245e-09
-1.597278562887050e-09
-1.465155712032651e-09
-1.335056593054773e-09
-1.207354813348438e-09
-1.082410036601367e-09
-9.605594791795014e-10
-8.421287833737523e-10
-7.274236490939501e-10
-6.167312771587774e-10
-5.103216460522475e-10
-4.084391991288072e-10
-3.113144186883687e-10
-2.191555825703517e-10
-1.321507347995521e-10
-5.046868478686406e-11
2.574734869753570e-11
9.637007858387392e-11
1.612939781736600e-10
2.204342264278125e-10
2.737250426321225e-10
3.211252375123763e-10
3.626084432717391e-10
3.981696639066001e-10
4.278224996490110e-10
4.515979257213587e-10
4.695487332284642e-10
4.817413135072002e-10
4.882597104405306e-10
4.892043437010329e-10
4.846900658606046e-10
4.748492155037809e-10
4.598250669118897e-10
4.397751052209742e-10
4.148686949534408e-10
3.852862473507912e-10
3.512208301970077e-10
3.128728387480351e-10
2.704526602670398e-10
2.241777874445461e-10
1.742727073761330e-10
1.209699007631571e-10
6.450484590914130e-11
5.118017121219509e-12
-5.694644755749323e-11
-1.214420786155301e-10
-1.881199640507702e-10
-2.567308587941852e-10
-3.270259618659566e-10
-3.987563612639633e-10
-4.716751433875288e-10
-5.455370599705134e-10
-6.201006375050611e-10
-6.951275111077848e-10
-7.703842008766060e-10
-8.456411126900321e-10
-9.206754247870208e-10
-9.952694224324432e-10
-1.069212829385435e-09
-1.142301697676373e-09
-1.214339628852201e-09
-1.285139550333270e-09
-1.354520828833472e-09
-1.422312934096226e-09
-1.488352996403819e-09
-1.552489026224180e-09
-1.614576916608712e-09
-1.674482885682949e-09
-1.732082477445829e-09
-1.787261227903514e-09
-1.839915442225504e-09
-1.889950196343193e-09
-1.937280891262105e-09
-1.981833031017288e-09
-2.023540668361079e-09
-2.062350956677506e-09
-2.098217155577231e-09
-2.131103737923468e-09
-2.160983503252112e-09
-2.187838465950165e-09
-2.211661298545664e-09
-2.232451445927097e-09
-2.250216957211393e-09
-2.264974319210467e-09
-2.276746235985172e-09
-2.285566458315458e-09
-2.291472289694951e-09
-2.294509249267662e-09
-2.294728962404236e-09
-2.292188439056986e-09
-2.286952571761702e-09
-2.279089472700946e-09
-2.268672527616644e-09
-2.255780229276638e-09
-2.240493679472877e-09
-2.222900807868911e-09
-2.203090321284407e-09
-2.181154257208107e-09
-2.157187650730918e-09
-2.131286980233682e-09
-2.103552887433580e-09
-2.074085403425130e-09
-2.042986280148540e-09
-2.010358213233587e-09
-1.976303343198538e-09
-1.940926863674974e-09
-1.904331026203465e-09
-1.866618692947242e-09
-1.827891837891116e-09
-1.788251158263421e-09
-1.747797850892852e-09
-1.706629670916726e-09
-1.664843485293943e-09
-1.622534440137713e-09
-1.579794128847567e-09
-1.536714921979154e-09
-1.493383999795483e-09
-1.449886877225026e-09
-1.406306293638693e-09
-1.362721241404685e-09
-1.319210046757391e-09
-1.275845956660859e-09
-1.232699442521579e-09
-1.189838227944051e-09
-1.147325540129529e-09
-1.105223662589694e-09
-1.063589188943226e-09
-1.022476409096029e-09
-9.819358659513000e-10
-9.420142998983749e-10
-9.027567859920538e-10
-8.642034587946767e-10
-8.263914830219932e-10
-7.893543874093467e-10
-7.531239798463929e-10
-7.177273497749326e-10
-6.831889776126587e-10
-6.495304155640369e-10
-6.167697186310050e-10
-5.849234985255691e-10
-5.540042313789684e-10
-5.240221034874537e-10
-4.949847753898950e-10
-4.668969516563592e-10
-4.397622266338885e-10
-4.135806419558463e-10
-3.883505184099079e-10
-3.640680673600016e-10
-3.407272797240068e-10
-3.183212582413830e-10
-2.968404272385428e-10
-2.762738926520569e-10
-2.566091505951107e-10
-2.378321706242303e-10
-2.199284643289445e-10
-2.028814061194595e-10
-1.866736140665459e-10
-1.712867347958280e-10
-1.567013185876931e-10
-1.428978671502712e-10
-1.298554666573359e-10
-1.175527453156633e-10
-1.059679566317584e-10
-9.507864634494823e-11
-8.486267938367931e-11
-7.529703943687238e-11
-6.635873101012990e-11
-5.802463370896405e-11
-5.027143284985769e-11
-4.307636886080601e-11
-3.641619644723093e-11
-3.026802419814345e-11
-2.460916193047780e-11
-1.941697150287247e-11
-1.466961274676493e-11
-1.034506161290416e-11
-6.421890796914909e-12
-2.879023408564052e-12
3.042774365802359e-13
3.147863913977034e-12
5.671553504615900e-12
7.894424697285629e-12
9.835070258201739e-12
1.151159723100648e-11
1.294126611428581e-11
1.414103556474089e-11
1.512717728857638e-11
1.591535236933339e-11
1.652070667768069e-11
1.695752219199598e-11
1.723971833345050e-11
1.738054145050683e-11
1.739267931066824e-11
1.728802691280951e-11
1.707808200412941e-11
1.677371089248147e-11
1.638517620194957e-11
1.592225136459735e-11
1.539397602445813e-11
1.480902293155006e-11
1.417547502990946e-11
1.350090178542374e-11
1.279240515600355e-11
1.205649989566293e-11
1.129933646648595e-11
1.052658134270690e-11
9.743462113520618e-12
8.954823861595518e-12
8.164996456727636e-12
7.378043488659447e-12
6.597605274605289e-12
5.827001207936444e-12
5.069206339414212e-12
4.326828392103854e-12
3.602236130911818e-12
2.897489973646694e-12
2.214389262233940e-12
1.554497849887149e-12
9.190712427220582e-13
3.092231332102457e-13
-2.741778158676933e-13
-8.304450876961411e-13
-1.359063469402733e-12
-1.859724613889613e-12
-2.332227293233569e-12
-2.776528139347700e-12
-3.192711720001462e-12
-3.580969071617646e-12
-3.941631309539728e-12
-4.275088746549804e-12
-4.581831008348969e-12
-4.862425132673431e-12
-5.117493668410633e-12
-5.347745466940945e-12
-5.553914316294706e-12
-5.736787672509791e-12
-5.897186059790338e-12
-6.035954396889365e-12
-6.153982488529830e-12
-6.252154501583396e-12
-6.331378130108867e-12
-6.392565404973738e-12
-6.436628899146590e-12
-6.464491377096426e-12
-6.477060207621399e-12
-6.475236579567278e-12
-6.459911056598544e-12
-6.431957180405568e-12
-6.392241120103948e-12
-6.341600313451712e-12
-6.280854850972128e-12
-6.210802922304581e-12
-6.132215395193708e-12
-6.045845573308950e-12
-5.952413312682731e-12
-5.852614752424948e-12
-5.747116975027278e-12
-5.636558277413717e-12
-5.521553429321119e-12
-5.402683915479642e-12
-5.280503573464046e-12
-5.155537699226900e-12
-5.028286624965753e-12
-4.899218265233193e-12
-4.768775462406574e-12
-4.637373262630050e-12
-4.505399647651044e-12
-4.373219559920816e-12
-4.241169671318976e-12
-4.109563289168318e-12
-3.978689963211532e-12
-3.848815770214273e-12
-3.720186647886842e-12
-3.593025101620087e-12
-3.467534019521799e-12
-3.343896746955607e-12
-3.222277405025373e-12
-3.102823716277098e-12
-2.985665120897648e-12
-2.870915405905027e-12
-2.758673281130775e-12
-2.649022616389198e-12
-2.542034691196873e-12
-2.437767212214430e-12
-2.336266132673325e-12
-2.237566445198675e-12
-2.141692402037824e-12
-2.048659293829537e-12
-1.958472741484451e-12
-1.871130342817129e-12
-1.786622102838793e-12
-1.704930897931381e-12
-1.626033646447080e-12
-1.549901002082400e-12
-1.476498554970891e-12
-1.405787148473468e-12
-1.337723346740596e-12
-1.272260193653811e-12
-1.209347165391874e-12
-1.148930975112075e-12
-1.090955798260991e-12
-1.035363700326128e-12
-9.820951247269008e-13
-9.310889038260549e-13
-8.822828103481205e-13
-8.356137530440215e-13
-7.910180189424983e-13
-7.484316739966921e-13
-7.077905402142555e-13
-6.690305569169040e-13
-6.320879162656880e-13
-5.968992453730764e-13
-5.634018371194344e-13
-5.315336353299473e-13
-5.012334626264834e-13
-4.724411038603386e-13
-4.450974001328945e-13
-4.191443936382515e-13
-3.945253026757577e-13
-3.711846495519830e-13
-3.490682891680821e-13
-3.281235055815494e-13
-3.082989711368804e-13
-2.895448326511730e-13
-2.718127103553373e-13
-2.550557078467321e-13
-2.392284543349332e-13
-2.242870597489875e-13
-2.101891399366429e-13
-1.968938095704475e-13
-1.843616571602777e-13
-1.725547555353707e-13
-1.614366112341061e-13
-1.509721599512038e-13
-1.411277444619278e-13
-1.318710770349989e-13
-1.231712274682549e-13
-1.149985725313709e-13
-1.073247762194043e-13
-1.001227523245259e-13
-9.336663055470250e-14
-8.703172807868351e-14
-8.109450127159287e-14
-7.553251805400933e-14
-7.032441959019535e-14
-6.544988119223268e-14
-6.088958555907514e-14
-5.662517232514869e-14
-5.263921222584659e-14
-4.891516796196021e-14
-4.543735865076505e-14
-4.219092949165330e-14
-3.916181236586693e-14
-3.633669497273464e-14
-3.370298898652702e-14
-3.124879752509742e-14
-2.896288617870818e-14
-2.683464969781297e-14
-2.485408529166665e-14
-2.301176412699008e-14
-2.129880375307721e-14
-1.970684243934375e-14
-1.822801292723200e-14
-1.685491825337587e-14
-1.558060877383222e-14
-1.439855895008412e-14
-1.330264696731058e-14
-1.228713253285888e-14
-1.134663815218428e-14
-1.047613000277982e-14
-9.670900273870305e-15
-8.926550199283552e-15
-8.238973527073034e-15
-7.604341643501742e-15
-7.019089198297504e-15
-6.479900446246706e-15
-5.983696889943125e-15
-5.527625083009796e-15
-5.109045904048006e-15
-4.725524334339289e-15
-4.374820150409169e-15
-4.054879642294870e-15
-3.763827626289320e-15
-3.499960970598496e-15
-3.261742575948109e-15
-3.047796377758341e-15
-2.856903369059457e-15
-2.687998231385178e-15
-2.540167358638189e-15
-2.412647645684136e-15
-2.304826565693016e-15
-2.216243170407325e-15
-2.146590548522848e-15
-2.095719525667530e-15
-2.063643787131015e-15
-2.050546653301044e-15
-2.056789421676532e-15
-2.082921711174716e-15
-2.129693799840194e-15
-2.198071249191346e-15
-2.289252069148636e-15
-2.404686614933657e-15
-2.546100666442208e-15
-2.715521945379976e-15
-2.915310523352438e-15
-3.148193594159666e-15
-3.417305080858418e-15
-3.726230770768864e-15
-4.079059578623030e-15
-4.480441747819880e-15
-4.935654866701877e-15
-5.450678658891397e-15
-6.032279730581124e-15
-6.688107503219181e-15
-7.426802807395534e-15
-8.258120778099573e-15
-9.193069907154428e-15
-1.024406938716080e-14
-1.142512713990624e-14
-1.275204125759181e-14
-1.424262795890022e-14
-1.591697956720310e-14
-1.779775651857147e-14
-1.991051792408011e-14
-2.228409584735999e-14
-2.495101915710755e-14
-2.794799360514762e-14
-3.131644571181925e-14
-3.510313906033235e-14
-3.936087279491829e-14
-4.414927346580529e-14
-4.953569289544523e-14
-5.559622650246951e-14
-6.241686850888216e-14
-7.009482274327046e-14
-7.873999035124444e-14
-8.847665869177086e-14
-9.944541909329119e-14
-1.118053450057567e-13
-1.257364665103382e-13
-1.414425821945259e-13
-1.591544551692051e-13
-1.791334465995197e-13
-2.016756476560811e-13
-2.271165794128543e-13
-2.558365400745183e-13
-2.882666901915407e-13
-3.248959794251982e-13
-3.662790331908335e-13
-4.130451344146270e-13
-4.659084549966343e-13
-5.256797137463008e-13
-5.932794629565138e-13
-6.697532348897091e-13
-7.562888128109523e-13
-8.542359294493846e-13
