0.000000000000000e+00
-1.331202856409757e-12
-2.681790984266806e-12
-4.071270372193231e-12
-5.519531544943812e-12
-7.047128419879995e-12
-8.675561490213495e-12
-1.042756917947075e-11
-1.232743121828842e-11
-1.440128795274865e-11
-1.667747960185193e-11
-1.918690963994299e-11
-2.196343668814053e-11
-2.504429955788296e-11
-2.847058040099890e-11
-3.228771128624192e-11
-3.654602994457549e-11
-4.130139090782436e-11
-4.661583881138809e-11
-5.255835124591330e-11
-5.920565923015061e-11
-6.664315414334363e-11
-7.496589080676549e-11
-8.427969734751903e-11
-9.470240352130643e-11
-1.063652003232376e-10
-1.194141449864430e-10
-1.340118268677928e-10
-1.503392112599150e-10
-1.685976798615466e-10
-1.890112884978244e-10
-2.118292647234399e-10
-2.373287701810362e-10
-2.658179550426563e-10
-2.976393345528741e-10
-3.331735206395700e-10
-3.728433447850905e-10
-4.171184118816788e-10
-4.665201286576071e-10
-5.216272544837276e-10
-5.830820269859706e-10
-6.515969199321071e-10
-7.279620963681779e-10
-8.130536259917388e-10
-9.078425423091897e-10
-1.013404822280171e-09
-1.130932378954402e-09
-1.261745166110563e-09
-1.407304503172434e-09
-1.569227738768865e-09
-1.749304382290454e-09
-1.949513844752095e-09
-2.172044943277143e-09
-2.419317337662883e-09
-2.694005082861639e-09
-2.999062497917877e-09
-3.337752570047300e-09
-3.713678132245478e-09
-4.130816074196173e-09
-4.593554869447391e-09
-5.106735726980657e-09
-5.675697702570630e-09
-6.306327134884065e-09
-7.005111803277065e-09
-7.779200238908132e-09
-8.636466658295837e-09
-9.585582029032473e-09
-1.063609182125231e-08
-1.179850104589498e-08
-1.308436723206809e-08
-1.450640205118323e-08
-1.607858235532071e-08
-1.781627146179496e-08
-1.973635158549109e-08
-2.185736839559186e-08
-2.419968875420695e-08
-2.678567278157009e-08
-2.963986148632966e-08
-3.278918130049772e-08
-3.626316696734320e-08
-4.009420434745019e-08
-4.431779483387964e-08
-4.897284320247026e-08
-5.410197086843065e-08
-5.975185667618209e-08
-6.597360751662385e-08
-7.282316124536505e-08
-8.036172456779638e-08
-8.865624876300418e-08
-9.777994633934761e-08
-1.078128519509649e-07
-1.188424311575375e-07
-1.309642408803600e-07
-1.442826456972386e-07
-1.589115944281223e-07
-1.749754617938731e-07
-1.926099602834718e-07
-2.119631277415804e-07
-2.331963965901210e-07
-2.564857510258789e-07
-2.820229789925924e-07
-3.100170262121978e-07
-3.406954600774937e-07
-3.743060517592508e-07
-4.111184854665306e-07
-4.514262044215887e-07
-4.955484037722180e-07
-5.438321813667543e-07
-5.966548580623988e-07
-6.544264800281825e-07
-7.175925163421165e-07
-7.866367660702111e-07
-8.620844899555419e-07
-9.445057828409404e-07
-1.034519204001769e-06
-1.132795683678315e-06
-1.240062725273331e-06
-1.357108923922007e-06
-1.484788823452070e-06
-1.624028135133697e-06
-1.775829343075599e-06
-1.941277722657927e-06
-2.121547800007838e-06
-2.317910282222690e-06
-2.531739489832161e-06
-2.764521324867362e-06
-3.017861809875423e-06
-3.293496235285393e-06
-3.593298954698887e-06
-3.919293869949817e-06
-4.273665650155292e-06
-4.658771731467140e-06
-5.077155146834022e-06
-5.531558237800449e-06
-6.024937303204455e-06
-6.560478242592766e-06
-7.141613255254076e-06
-7.772038658979625e-06
-8.455733895998558e-06
-9.196981797005164e-06
-1.000039017779844e-05
-1.087091484679280e-05
-1.181388410553372e-05
-1.283502482836492e-05
-1.394049021154413e-05
-1.513688928639439e-05
-1.643131829550527e-05
-1.783139403556406e-05
-1.934528927509914e-05
-2.098177036025450e-05
-2.275023712668408e-05
-2.466076524075288e-05
-2.672415109845709e-05
-2.895195941582056e-05
-3.135657364998693e-05
-3.395124939579778e-05
-3.675017090832125e-05
-3.976851090756330e-05
-4.302249382744727e-05
-4.652946267707572e-05
-5.030794968827911e-05
-5.437775092949891e-05
-5.876000507212999e-05
-6.347727650154707e-05
-6.855364297114291e-05
-7.401478800379504e-05
-7.988809825123177e-05
-8.620276602776688e-05
-9.298989724079006e-05
-1.002826249462149e-04
-1.081162287627668e-04
-1.165282603845139e-04
-1.255586754363741e-04
-1.352499719224339e-04
-1.456473355217570e-04
-1.567987919909101e-04
-1.687553669366387e-04
-1.815712532259578e-04
-1.953039863043305e-04
-2.100146276955437e-04
-2.257679569593113e-04
-2.426326723844872e-04
-2.606816006969984e-04
-2.799919160621570e-04
-3.006453686608263e-04
-3.227285231179271e-04
-3.463330070599314e-04
-3.715557700752127e-04
-3.984993533473623e-04
-4.272721702267518e-04
-4.579887979996534e-04
-4.907702811070637e-04
-5.257444460569083e-04
-5.630462282634875e-04
-6.028180110367512e-04
-6.452099769312044e-04
-6.903804716498393e-04
-7.384963806824065e-04
-7.897335188394672e-04
-8.442770328239437e-04
-9.023218169602081e-04
-9.640729421770476e-04
-1.029746098315007e-03
-1.099568049800586e-03
-1.173777104699442e-03
-1.252623597128044e-03
-1.336370382968086e-03
-1.425293348790255e-03
-1.519681933853664e-03
-1.619839665004242e-03
-1.726084704249637e-03
-1.838750408739576e-03
-1.958185902829152e-03
-2.084756661848090e-03
-2.218845107141557e-03
-2.360851211887646e-03
-2.511193117133019e-03
-2.670307757421544e-03
-2.838651495320835e-03
-3.016700764078644e-03
-3.204952717564797e-03
-3.403925886575055e-03
-3.614160840490746e-03
-3.836220853202361e-03
-4.070692572116629e-03
-4.318186688974789e-03
-4.579338611115098e-03
-4.854809131715022e-03
-5.145285097448130e-03
-5.451480071887739e-03
-5.774134992883737e-03
-6.114018822031036e-03
-6.471929184237933e-03
-6.848692995290457e-03
-7.245167075194723e-03
-7.662238744963668e-03
-8.100826404397592e-03
-8.561880088289873e-03
-9.046381998370380e-03
-9.555347008179839e-03
-1.008982313794898e-02
-1.065089199643716e-02
-1.123966918656654e-02
-1.185730467157058e-02
-1.250498309825939e-02
-1.318392407389054e-02
-1.389538239302232e-02
-1.464064821061761e-02
-1.542104715756147e-02
-1.623794039465410e-02
-1.709272460104459e-02
-1.798683189297901e-02
-1.892172966865134e-02
-1.989892037486628e-02
-2.091994119115111e-02
-2.198636362688992e-02
-2.309979302699751e-02
-2.426186798160423e-02
-2.547425963518654e-02
-2.673867089055225e-02
-2.805683550307558e-02
-2.943051706057466e-02
-3.086150784423550e-02
-3.235162756601118e-02
-3.390272197796409e-02
-3.551666134907379e-02
-3.719533880510395e-02
-3.894066852720900e-02
-4.075458380506623e-02
-4.263903494044295e-02
-4.459598699724983e-02
-4.662741739429482e-02
-4.873531333713332e-02
-5.092166908561492e-02
-5.318848305395112e-02
-5.553775474037685e-02
-5.797148148374747e-02
-6.049165504470719e-02
-6.310025800938091e-02
-6.579926001388252e-02
-6.859061378829824e-02
-7.147625101919189e-02
-7.445807803009494e-02
-7.753797127988170e-02
-8.071777267939530e-02
-8.399928472717740e-02
-8.738426546566919e-02
-9.087442325978735e-02
-9.447141140034207e-02
-9.817682253534735e-02
-1.019921829328840e-01
-1.059189465798046e-01
-1.099584891212237e-01
-1.141121016464070e-01
-1.183809843273688e-01
-1.227662399171952e-01
-1.272688671158426e-01
-1.318897538119006e-01
-1.366296702095731e-01
-1.414892618508991e-01
-1.464690425440187e-01
-1.515693872090833e-01
-1.567905246542054e-01
-1.621325302946509e-01
-1.675953188292817e-01
-1.731786368890643e-01
-1.788820556732656e-01
-1.847049635897572e-01
-1.906465589166429e-01
-1.967058425032050e-01
-2.028816105289359e-01
-2.091724473401729e-01
-2.155767183845853e-01
-2.220925632644757e-01
-2.287178889305393e-01
-2.354503630383767e-01
-2.422874074906792e-01
-2.492261921885886e-01
-2.562636290162741e-01
-2.633963660832723e-01
-2.706207822495842e-01
-2.779329819589266e-01
-2.853287904058783e-01
-2.928037490629503e-01
-3.003531115938337e-01
-3.079718401792383e-01
-3.156546022818232e-01
-3.233957678767425e-01
-3.311894071742669e-01
-3.390292888608072e-01
-3.469088788844460e-01
-3.548213398107785e-01
-3.627595307744738e-01
-3.707160080514831e-01
-3.786830262762486e-01
-3.866525403275946e-01
-3.946162079062189e-01
-4.025653928258338e-01
-4.104911690390438e-01
-4.183843254179810e-01
-4.262353713085478e-01
-4.340345428758529e-01
-4.417718102570456e-01
-4.494368855362847e-01
-4.570192315550000e-01
-4.645080715689212e-01
-4.718923997615779e-01
-4.791609926220944e-01
-4.863024211931309e-01
-4.933050641927581e-01
-5.001571220118958e-01
-5.068466315866994e-01
-5.133614821429575e-01
-5.196894318071454e-01
-5.258181250763112e-01
-5.317351111364067e-01
-5.374278630160678e-01
-5.428837975601701e-01
-5.480902962047599e-01
-5.530347265321884e-01
-5.577044645824649e-01
-5.620869178940066e-01
-5.661695492440924e-01
-5.699399010564571e-01
-5.733856204405666e-01
-5.764944848242453e-01
-5.792544281384440e-01
-5.816535675100962e-01
-5.836802304161934e-01
-5.853229822494282e-01
-5.865706542430356e-01
-5.874123716998024e-01
-5.878375824676169e-01
-5.878360856014334e-01
-5.873980601491080e-01
-5.865140939962585e-01
-5.851752127031037e-01
-5.833729082641731e-01
-5.810991677198508e-01
-5.783465015469262e-01
-5.751079717537048e-01
-5.713772196037701e-01
-5.671484928912073e-01
-5.624166726890010e-01
-5.571772994914197e-01
-5.514265986705097e-01
-5.451615051663288e-01
-5.383796873302912e-01
-5.310795698409667e-01
-5.232603556118642e-01
-5.149220466111779e-01
-5.060654635141596e-01
-4.966922641097149e-01
-4.868049603840122e-01
-4.764069342053454e-01
-4.655024515361990e-01
-4.540966751004381e-01
-4.421956754357768e-01
-4.298064402641841e-01
-4.169368821156383e-01
-4.035958441436659e-01
-3.897931040743761e-01
-3.755393762342332e-01
-3.608463116055886e-01
-3.457264958630135e-01
-3.301934453477352e-01
-3.142616009419619e-01
-2.979463198095914e-01
-2.812638649747096e-01
-2.642313927144065e-01
-2.468669377477332e-01
-2.291893962081090e-01
-2.112185063921243e-01
-1.929748272834723e-01
-1.744797148566689e-01
-1.557552961712523e-01
-1.368244412732946e-01
-1.177107329272813e-01
-9.843843420769498e-02
-7.903245398597766e-02
-5.951831035490230e-02
-3.992209203875233e-02
-2.027041784406271e-02
-5.903942119971429e-04
1.909042906029628e-02
3.874410485581558e-02
5.834233645168967e-02
7.785652682540574e-02
9.725782946182637e-02
1.165172005638627e-01
1.356054525641686e-01
1.544933088299214e-01
1.731514594476803e-01
1.915506179704734e-01
2.096615790046973e-01
2.274552765101162e-01
2.449028426822571e-01
2.619756672828195e-01
2.786454572803804e-01
2.948842966606773e-01
3.106647062631301e-01
3.259597034980155e-01
3.407428617968474e-01
3.549883696470749e-01
3.686710890611644e-01
3.817666133295284e-01
3.942513239065824e-01
4.061024462794713e-01
4.172981046697135e-01
4.278173754191643e-01
4.376403389133063e-01
4.467481298969292e-01
4.551229860397717e-01
4.627482946126553e-01
4.696086371380400e-01
4.756898318827771e-01
4.809789740651088e-01
4.854644736526629e-01
4.891360906333079e-01
4.919849676462483e-01
4.940036598666504e-01
4.951861620433684e-01
4.955279325959843e-01
4.950259146843589e-01
4.936785541711948e-01
4.914858144057276e-01
4.884491877645481e-01
4.845717038937110e-01
4.798579346046731e-01
4.743139953851995e-01
4.679475434951629e-01
4.607677726260996e-01
4.527854041124647e-01
4.440126746917066e-01
4.344633208195346e-01
4.241525595560587e-01
4.130970660477989e-01
4.013149476398730e-01
3.888257146619331e-01
3.756502479406279e-01
3.618107631004538e-01
3.473307717238324e-01
3.322350394500533e-01
3.165495411013464e-01
3.003014129327438e-01
2.835189021105578e-01
2.662313135321844e-01
2.484689541075350e-01
2.302630746296679e-01
2.116458093691111e-01
1.926501135329215e-01
1.733096987356847e-01
1.536589666354057e-01
1.337329408925582e-01
1.135671976154223e-01
9.319779445923961e-02
7.266119855063280e-02
5.199421341215629e-02
3.123390506476156e-02
1.041752748835919e-02
-1.041752748835456e-02
-3.123390506475681e-02
-5.199421341215143e-02
-7.266119855062785e-02
-9.319779445923458e-02
-1.135671976154172e-01
-1.337329408925531e-01
-1.536589666354004e-01
-1.733096987356793e-01
-1.926501135329161e-01
-2.116458093691056e-01
-2.302630746296623e-01
-2.484689541075294e-01
-2.662313135321787e-01
-2.835189021105520e-01
-3.003014129327380e-01
-3.165495411013405e-01
-3.322350394500473e-01
-3.473307717238263e-01
-3.618107631004477e-01
-3.756502479406217e-01
-3.888257146619268e-01
-4.013149476398666e-01
-4.130970660477925e-01
-4.241525595560522e-01
-4.344633208195280e-01
-4.440126746917000e-01
-4.527854041124580e-01
-4.607677726260929e-01
-4.679475434951563e-01
-4.743139953851930e-01
-4.798579346046666e-01
-4.845717038937046e-01
-4.884491877645418e-01
-4.914858144057214e-01
-4.936785541711887e-01
-4.950259146843529e-01
-4.955279325959783e-01
-4.951861620433625e-01
-4.940036598666445e-01
-4.919849676462426e-01
-4.891360906333022e-01
-4.854644736526573e-01
-4.809789740651032e-01
-4.756898318827716e-01
-4.696086371380346e-01
-4.627482946126499e-01
-4.551229860397665e-01
-4.467481298969240e-01
-4.376403389133012e-01
-4.278173754191593e-01
-4.172981046697085e-01
-4.061024462794665e-01
-3.942513239065776e-01
-3.817666133295237e-01
-3.686710890611598e-01
-3.549883696470704e-01
-3.407428617968429e-01
-3.259597034980111e-01
-3.106647062631259e-01
-2.948842966606732e-01
-2.786454572803765e-01
-2.619756672828157e-01
-2.449028426822534e-01
-2.274552765101127e-01
-2.096615790046940e-01
-1.915506179704702e-01
-1.731514594476772e-01
-1.544933088299185e-01
-1.356054525641658e-01
-1.165172005638601e-01
-9.725782946182389e-02
-7.785652682540339e-02
-5.834233645168747e-02
-3.874410485581352e-02
-1.909042906029436e-02
5.903942119989162e-04
2.027041784406434e-02
3.992209203875381e-02
5.951831035490363e-02
7.903245398597884e-02
9.843843420769602e-02
1.177107329272822e-01
1.368244412732953e-01
1.557552961712529e-01
1.744797148566694e-01
1.929748272834726e-01
2.112185063921244e-01
2.291893962081090e-01
2.468669377477331e-01
2.642313927144062e-01
2.812638649747092e-01
2.979463198095907e-01
3.142616009419612e-01
3.301934453477344e-01
3.457264958630126e-01
3.608463116055877e-01
3.755393762342322e-01
3.897931040743750e-01
4.035958441436647e-01
4.169368821156371e-01
4.298064402641828e-01
4.421956754357754e-01
4.540966751004366e-01
4.655024515361975e-01
4.764069342053437e-01
4.868049603840105e-01
4.966922641097131e-01
5.060654635141577e-01
5.149220466111759e-01
5.232603556118622e-01
5.310795698409647e-01
5.383796873302890e-01
5.451615051663266e-01
5.514265986705074e-01
5.571772994914173e-01
5.624166726889985e-01
5.671484928912048e-01
5.713772196037674e-01
5.751079717537021e-01
5.783465015469236e-01
5.810991677198479e-01
5.833729082641702e-01
5.851752127031007e-01
5.865140939962554e-01
5.873980601491049e-01
5.878360856014302e-01
5.878375824676138e-01
5.874123716997994e-01
5.865706542430326e-01
5.853229822494254e-01
5.836802304161907e-01
5.816535675100934e-01
5.792544281384413e-01
5.764944848242427e-01
5.733856204405641e-01
5.699399010564546e-01
5.661695492440900e-01
5.620869178940043e-01
5.577044645824627e-01
5.530347265321862e-01
5.480902962047579e-01
5.428837975601681e-01
5.374278630160659e-01
5.317351111364049e-01
5.258181250763094e-01
5.196894318071438e-01
5.133614821429558e-01
5.068466315866978e-01
5.001571220118942e-01
4.933050641927567e-01
4.863024211931296e-01
4.791609926220932e-01
4.718923997615767e-01
4.645080715689201e-01
4.570192315549990e-01
4.494368855362838e-01
4.417718102570447e-01
4.340345428758521e-01
4.262353713085471e-01
4.183843254179803e-01
4.104911690390432e-01
4.025653928258333e-01
3.946162079062185e-01
3.866525403275942e-01
3.786830262762483e-01
3.707160080514829e-01
3.627595307744736e-01
3.548213398107784e-01
3.469088788844460e-01
3.390292888608073e-01
3.311894071742670e-01
3.233957678767426e-01
3.156546022818233e-01
3.079718401792384e-01
3.003531115938338e-01
2.928037490629504e-01
2.853287904058784e-01
2.779329819589267e-01
2.706207822495844e-01
2.633963660832724e-01
2.562636290162742e-01
2.492261921885887e-01
2.422874074906793e-01
2.354503630383768e-01
2.287178889305394e-01
2.220925632644758e-01
2.155767183845854e-01
2.091724473401730e-01
2.028816105289361e-01
1.967058425032051e-01
1.906465589166430e-01
1.847049635897573e-01
1.788820556732657e-01
1.731786368890644e-01
1.675953188292818e-01
1.621325302946510e-01
1.567905246542055e-01
1.515693872090835e-01
1.464690425440189e-01
1.414892618508992e-01
1.366296702095732e-01
1.318897538119008e-01
1.272688671158428e-01
1.227662399171954e-01
1.183809843273689e-01
1.141121016464072e-01
1.099584891212238e-01
1.059189465798048e-01
1.019921829328841e-01
9.817682253534747e-02
9.447141140034221e-02
9.087442325978748e-02
8.738426546566931e-02
8.399928472717752e-02
8.071777267939541e-02
7.753797127988181e-02
7.445807803009505e-02
7.147625101919201e-02
6.859061378829837e-02
6.579926001388264e-02
6.310025800938102e-02
6.049165504470731e-02
5.797148148374760e-02
5.553775474037698e-02
5.318848305395124e-02
5.092166908561504e-02
4.873531333713344e-02
4.662741739429493e-02
4.459598699724995e-02
4.263903494044306e-02
4.075458380506635e-02
3.894066852720910e-02
3.719533880510405e-02
3.551666134907387e-02
3.390272197796416e-02
3.235162756601125e-02
3.086150784423557e-02
2.943051706057473e-02
2.805683550307565e-02
2.673867089055232e-02
2.547425963518661e-02
2.426186798160430e-02
2.309979302699757e-02
2.198636362688999e-02
2.091994119115118e-02
1.989892037486635e-02
1.892172966865141e-02
1.798683189297907e-02
1.709272460104465e-02
1.623794039465416e-02
1.542104715756152e-02
1.464064821061766e-02
1.389538239302237e-02
1.318392407389059e-02
1.250498309825943e-02
1.185730467157062e-02
1.123966918656658e-02
1.065089199643720e-02
1.008982313794902e-02
9.555347008179874e-03
9.046381998370413e-03
8.561880088289902e-03
8.100826404397620e-03
7.662238744963693e-03
7.245167075194746e-03
6.848692995290478e-03
6.471929184237951e-03
6.114018822031052e-03
5.774134992883751e-03
5.451480071887750e-03
5.145285097448140e-03
4.854809131715033e-03
4.579338611115109e-03
4.318186688974798e-03
4.070692572116638e-03
3.836220853202369e-03
3.614160840490753e-03
3.403925886575062e-03
3.204952717564803e-03
3.016700764078650e-03
2.838651495320841e-03
2.670307757421548e-03
2.511193117133023e-03
2.360851211887650e-03
2.218845107141561e-03
2.084756661848093e-03
1.958185902829155e-03
1.838750408739579e-03
1.726084704249640e-03
1.619839665004244e-03
1.519681933853666e-03
1.425293348790257e-03
1.336370382968087e-03
1.252623597128045e-03
1.173777104699443e-03
1.099568049800587e-03
1.029746098315008e-03
9.640729421770489e-04
9.023218169602094e-04
8.442770328239450e-04
7.897335188394685e-04
7.384963806824078e-04
6.903804716498406e-04
6.452099769312057e-04
6.028180110367523e-04
5.630462282634884e-04
5.257444460569092e-04
4.907702811070643e-04
4.579887979996541e-04
4.272721702267525e-04
3.984993533473629e-04
3.715557700752133e-04
3.463330070599321e-04
3.227285231179278e-04
3.006453686608270e-04
2.799919160621577e-04
2.606816006969991e-04
2.426326723844879e-04
2.257679569593119e-04
2.100146276955444e-04
1.953039863043311e-04
1.815712532259584e-04
1.687553669366394e-04
1.567987919909108e-04
1.456473355217576e-04
1.352499719224345e-04
1.255586754363747e-04
1.165282603845144e-04
1.081162287627674e-04
1.002826249462155e-04
9.298989724079056e-05
8.620276602776737e-05
7.988809825123224e-05
7.401478800379548e-05
6.855364297114332e-05
6.347727650154748e-05
5.876000507213039e-05
5.437775092949930e-05
5.030794968827949e-05
4.652946267707609e-05
4.302249382744763e-05
3.976851090756364e-05
3.675017090832159e-05
3.395124939579811e-05
3.135657364998723e-05
2.895195941582084e-05
2.672415109845733e-05
2.466076524075310e-05
2.275023712668428e-05
2.098177036025469e-05
1.934528927509930e-05
1.783139403556421e-05
1.643131829550540e-05
1.513688928639450e-05
1.394049021154423e-05
1.283502482836501e-05
1.181388410553380e-05
1.087091484679287e-05
1.000039017779850e-05
9.196981797005223e-06
8.455733895998612e-06
7.772038658979675e-06
7.141613255254121e-06
6.560478242592807e-06
6.024937303204491e-06
5.531558237800481e-06
5.077155146834049e-06
4.658771731467164e-06
4.273665650155314e-06
3.919293869949838e-06
3.593298954698905e-06
3.293496235285409e-06
3.017861809875436e-06
2.764521324867374e-06
2.531739489832170e-06
2.317910282222697e-06
2.121547800007844e-06
1.941277722657932e-06
1.775829343075604e-06
1.624028135133701e-06
1.484788823452074e-06
1.357108923922010e-06
1.240062725273334e-06
1.132795683678318e-06
1.034519204001771e-06
9.445057828409418e-07
8.620844899555429e-07
7.866367660702119e-07
7.175925163421171e-07
6.544264800281831e-07
5.966548580623993e-07
5.438321813667548e-07
4.955484037722185e-07
4.514262044215892e-07
4.111184854665310e-07
3.743060517592514e-07
3.406954600774942e-07
3.100170262121983e-07
2.820229789925928e-07
2.564857510258793e-07
2.331963965901214e-07
2.119631277415807e-07
1.926099602834722e-07
1.749754617938734e-07
1.589115944281226e-07
1.442826456972388e-07
1.309642408803602e-07
1.188424311575376e-07
1.078128519509650e-07
9.777994633934769e-08
8.865624876300422e-08
8.036172456779638e-08
7.282316124536504e-08
6.597360751662384e-08
5.975185667618207e-08
5.410197086843063e-08
4.897284320247024e-08
4.431779483387963e-08
4.009420434745017e-08
3.626316696734318e-08
3.278918130049771e-08
2.963986148632964e-08
2.678567278157008e-08
2.419968875420693e-08
2.185736839559184e-08
1.973635158549108e-08
1.781627146179495e-08
1.607858235532070e-08
1.450640205118322e-08
1.308436723206808e-08
1.179850104589498e-08
1.063609182125231e-08
9.585582029032471e-09
8.636466658295835e-09
7.779200238908132e-09
7.005111803277064e-09
6.306327134884063e-09
5.675697702570629e-09
5.106735726980655e-09
4.593554869447389e-09
4.130816074196171e-09
3.713678132245477e-09
3.337752570047299e-09
2.999062497917875e-09
2.694005082861637e-09
2.419317337662881e-09
2.172044943277141e-09
1.949513844752094e-09
1.749304382290454e-09
1.569227738768865e-09
1.407304503172434e-09
1.261745166110563e-09
1.130932378954403e-09
1.013404822280171e-09
9.078425423091901e-10
8.130536259917391e-10
7.279620963681782e-10
6.515969199321074e-10
5.830820269859708e-10
5.216272544837279e-10
4.665201286576074e-10
4.171184118816791e-10
3.728433447850908e-10
3.331735206395703e-10
2.976393345528744e-10
2.658179550426566e-10
2.373287701810364e-10
2.118292647234401e-10
1.890112884978246e-10
1.685976798615467e-10
1.503392112599151e-10
1.340118268677929e-10
1.194141449864430e-10
1.063652003232376e-10
9.470240352130643e-11
8.427969734751903e-11
7.496589080676549e-11
6.664315414334363e-11
5.920565923015061e-11
5.255835124591330e-11
4.661583881138809e-11
4.130139090782436e-11
3.654602994457549e-11
3.228771128624192e-11
2.847058040099890e-11
2.504429955788296e-11
2.196343668814053e-11
1.918690963994299e-11
1.667747960185193e-11
1.440128795274865e-11
1.232743121828842e-11
1.042756917947075e-11
8.675561490213495e-12
7.047128419879995e-12
5.519531544943812e-12
4.071270372193231e-12
2.681790984266806e-12
1.331202856409757e-12
0.000000000000000e+00
