9.512378243257530e-15
1.081132066854350e-14
1.228448586131480e-14
1.395480649271285e-14
1.584817471585076e-14
1.799381620088803e-14
2.042471040881669e-14
2.317806268711615e-14
2.629583442782646e-14
2.982533826132018e-14
3.381990607549418e-14
3.833963855956669e-14
4.345224598440402e-14
4.923399105873269e-14
5.577074595529592e-14
6.315917699692754e-14
7.150807204508314e-14
8.093982735958678e-14
9.159211261710742e-14
1.036197349079527e-13
1.171967248991368e-13
1.325186709817728e-13
1.498053301405972e-13
1.693035475238034e-13
1.912905202864700e-13
2.160774452681543e-13
2.440135944863405e-13
2.754908673277828e-13
3.109488737498806e-13
3.508806088192035e-13
3.958387855753026e-13
4.464429005819553e-13
5.033871146886118e-13
5.674490405535967e-13
6.394995384660988e-13
7.205136330446966e-13
8.115826755934920e-13
9.139278903808042e-13
1.028915458000215e-12
1.158073305420862e-12
1.303109790490789e-12
1.465934488693434e-12
1.648681312062205e-12
1.853734214536635e-12
2.083755764920095e-12
2.341718898222916e-12
2.630942188812318e-12
2.955129024741059e-12
3.318411102210781e-12
3.725396702697834e-12
4.181224263216867e-12
4.691621802939298e-12
5.262972827385542e-12
5.902389395171639e-12
6.617793102362931e-12
7.418004816472648e-12
8.312844076689201e-12
9.313239169743577e-12
1.043134899270991e-11
1.168069792581325e-11
1.307632506093120e-11
1.463494926590856e-11
1.637515171216685e-11
1.831757765456115e-11
2.048515942930749e-11
2.290336282949584e-11
2.560045922972089e-11
2.860782606338618e-11
3.196027851006212e-11
3.569643552784591e-11
3.985912366914088e-11
4.449582244989942e-11
4.965915540469465e-11
5.540743135569075e-11
6.180524085558476e-11
6.892411323611466e-11
7.684324020814731e-11
8.565027252044612e-11
9.544219679597667e-11
1.063263003313600e-10
1.184212323716059e-10
1.318581711635331e-10
1.467821069528958e-10
1.633532520280483e-10
1.817485899333795e-10
2.021635770857248e-10
2.248140112337957e-10
2.499380825125466e-10
2.777986242698401e-10
3.086855823910905e-10
3.429187235288944e-10
3.808506044695600e-10
4.228698268487395e-10
4.694046035764052e-10
5.209266656604972e-10
5.779555406433570e-10
6.410632366007060e-10
7.108793686162816e-10
7.880967678538644e-10
8.734776168216640e-10
9.678601581820643e-10
1.072166028524779e-09
1.187408272916751e-09
1.314700100793100e-09
1.455264448886555e-09
1.610444422437369e-09
1.781714691912135e-09
1.970693928921452e-09
2.179158371997301e-09
2.409056620410442e-09
2.662525762313982e-09
2.941908952236339e-09
3.249774562359305e-09
3.588937042153269e-09
3.962479631855256e-09
4.373779087018499e-09
4.826532583996331e-09
5.324786989808613e-09
5.872970694442021e-09
6.475928219328508e-09
7.138957832600768e-09
7.867852419822451e-09
8.668943878315727e-09
9.549151324049367e-09
1.051603342240338e-08
1.157784517808856e-08
1.274359954517946e-08
1.402313424573050e-08
1.542718421489997e-08
1.696746012204351e-08
1.865673345097248e-08
2.050892865866153e-08
2.253922297026977e-08
2.476415440956885e-08
2.720173870791999e-08
2.987159578197372e-08
3.279508652047291e-08
3.599546067410629e-08
3.949801669948998e-08
4.333027446926521e-08
4.752216182520369e-08
5.210621602035488e-08
5.711780116988334e-08
6.259534290860326e-08
6.858058153656205e-08
7.511884502268013e-08
8.225934333066912e-08
9.005548563156219e-08
9.856522207352290e-08
1.078514118924489e-07
1.179822197666742e-07
1.290315424460887e-07
1.410794678206690e-07
1.542127687361295e-07
1.685254340155464e-07
1.841192393058672e-07
2.011043605375524e-07
2.196000329647559e-07
2.397352589428349e-07
2.616495678001214e-07
2.854938313723190e-07
3.114311389910565e-07
3.396377359536907e-07
3.703040297498460e-07
4.036356685820804e-07
4.398546969940373e-07
4.792007937100471e-07
5.219325970961109e-07
5.683291239740535e-07
6.186912878590898e-07
6.733435230468461e-07
7.326355213495128e-07
7.969440886732507e-07
8.666751290405925e-07
9.422657640934636e-07
1.024186596565031e-06
1.112944126682786e-06
1.209083330961756e-06
1.313190413366285e-06
1.425895739362122e-06
1.547876963948605e-06
1.679862365353859e-06
1.822634396695391e-06
1.977033468554624e-06
2.143961976087633e-06
2.324388584996516e-06
2.519352791417124e-06
2.729969771539331e-06
2.957435537568066e-06
3.203032417455047e-06
3.468134876685781e-06
3.754215701293001e-06
4.062852562186596e-06
4.395734981843729e-06
4.754671725388895e-06
5.141598639115340e-06
5.558586960555095e-06
6.007852125295225e-06
6.491763096865264e-06
7.012852247181086e-06
7.573825816228821e-06
8.177574980904960e-06
8.827187564196281e-06
9.525960417188362e-06
1.027741250772826e-05
1.108529875094110e-05
1.195362461820750e-05
1.288666156264853e-05
1.388896330063823e-05
1.496538299036865e-05
1.612109135002645e-05
1.736159575970532e-05
1.869276039276927e-05
2.012082742399966e-05
2.165243936350118e-05
2.329466256700524e-05
2.505501197489341e-05
2.694147713396381e-05
2.896254955767821e-05
3.112725148235619e-05
3.344516607851406e-05
3.592646917829088e-05
3.858196258163900e-05
4.142310900569631e-05
4.446206874348774e-05
4.771173809981698e-05
5.118578967391443e-05
5.489871456007820e-05
5.886586653919777e-05
6.310350833566263e-05
6.762886001572951e-05
7.246014960495196e-05
7.761666600374240e-05
8.311881428154628e-05
8.898817343145044e-05
9.524755666830281e-05
1.019210743546018e-04
1.090341996394863e-04
1.166138368971294e-04
1.246883930517075e-04
1.332878518768348e-04
1.424438513579675e-04
1.521897642067258e-04
1.625607816163711e-04
1.735940003478172e-04
1.853285132354837e-04
1.978055032020614e-04
2.110683408708066e-04
2.251626858632915e-04
2.401365918696574e-04
2.560406155772561e-04
2.729279295421459e-04
2.908544390862498e-04
3.098789033009895e-04
3.300630602359494e-04
3.514717563485530e-04
3.741730802877726e-04
3.982385010816852e-04
4.237430107950167e-04
4.507652717188377e-04
4.793877681502042e-04
5.096969628146869e-04
5.417834579795985e-04
5.757421613000072e-04
6.116724564335731e-04
6.496783784537093e-04
6.898687940834543e-04
7.323575867650519e-04
7.772638465720870e-04
8.247120649625805e-04
8.748323343623878e-04
9.277605525585716e-04
9.836386318724224e-04
1.042614713070971e-03
1.104843383964660e-03
1.170485902627064e-03
1.239710425159985e-03
1.312692237914486e-03
1.389613994064665e-03
1.470665954416968e-03
1.556046232322973e-03
1.645961042548333e-03
1.740624953934646e-03
1.840261145674389e-03
1.945101667002203e-03
2.055387700087914e-03
2.171369825898596e-03
2.293308292778286e-03
2.421473287474372e-03
2.556145208320267e-03
2.697614940263192e-03
2.846184131405411e-03
3.002165470705876e-03
3.165882966467352e-03
3.337672225212289e-03
3.517880730527829e-03
3.706868121437661e-03
3.905006469835381e-03
4.112680556490067e-03
4.330288145111823e-03
4.558240253940334e-03
4.796961424296062e-03
5.046889985509383e-03
5.308478315618500e-03
5.582193097203397e-03
5.868515567698207e-03
6.167941763501308e-03
6.480982757177681e-03
6.808164887025315e-03
7.150029978254021e-03
7.507135555001717e-03
7.880055042391898e-03
8.269377957813089e-03
8.675710090580740e-03
9.099673669121408e-03
9.541907514798815e-03
1.000306718148367e-02
1.048382507995019e-02
1.098487058616614e-02
1.150691013252782e-02
1.205066728107600e-02
1.261688277771716e-02
1.320631458646153e-02
1.381973790267993e-02
1.445794514437328e-02
1.512174592044065e-02
1.581196697492852e-02
1.652945210623896e-02
1.727506206027489e-02
1.804967439650137e-02
1.885418332590373e-02
1.968949951983142e-02
2.055654988872167e-02
2.145627732970913e-02
2.238964044214051e-02
2.335761321002726e-02
2.436118465049000e-02
2.540135842726674e-02
2.647915242838299e-02
2.759559830710792e-02
2.875174098534957e-02
2.994863811867697e-02
3.118735952219050e-02
3.246898655650364e-02
3.379461147313886e-02
3.516533671868730e-02
3.658227419713158e-02
3.804654448977968e-02
3.955927603231779e-02
4.112160424854386e-02
4.273467064040863e-02
4.439962183405553e-02
4.611760858161630e-02
4.788978471859592e-02
4.971730607674915e-02
5.160132935243314e-02
5.354301093050035e-02
5.554350566387706e-02
5.760396560906443e-02
5.972553871788365e-02
6.190936748588097e-02
6.415658755790528e-02
6.646832629146214e-02
6.884570127855526e-02
7.128981882682107e-02
7.380177240086960e-02
7.638264102485126e-02
7.903348764737034e-02
8.175535746998372e-02
8.454927624062256e-02
8.741624851339645e-02
9.035725587634101e-02
9.337325514878930e-02
9.646517655015817e-02
9.963392184204964e-02
1.028803624456868e-01
1.062053375368082e-01
1.096096521202616e-01
1.130940750866467e-01
1.166593372534621e-01
1.203061293933263e-01
1.240351002519392e-01
1.278468545585608e-01
1.317419510318824e-01
1.357209003842603e-01
1.397841633273834e-01
1.439321485825296e-01
1.481652108986584e-01
1.524836490816724e-01
1.568877040382490e-01
1.613775568377330e-01
1.659533267956350e-01
1.706150695823536e-01
1.753627753607963e-01
1.801963669566197e-01
1.851156980648654e-01
1.901205514967974e-01
1.952106374707844e-01
2.003855919510990e-01
2.056449750385110e-01
2.109882694165806e-01
2.164148788575412e-01
2.219241267916699e-01
2.275152549440245e-01
2.331874220423999e-01
2.389397026003361e-01
2.447710857789570e-01
2.506804743313865e-01
2.566666836334147e-01
2.627284408040328e-01
2.688643839193773e-01
2.750730613235312e-01
2.813529310395493e-01
2.877023602839617e-01
2.941196250878965e-01
3.006029100278553e-01
3.071503080690217e-01
3.137598205238685e-01
3.204293571286602e-01
3.271567362403024e-01
3.339396851558256e-01
3.407758405566038e-01
3.476627490792464e-01
3.545978680148930e-01
3.615785661384561e-01
3.686021246691521e-01
3.756657383634384e-01
3.827665167412738e-01
3.899014854463792e-01
3.970675877409566e-01
4.042616861350886e-01
4.114805641507902e-01
4.187209282204595e-01
4.259794097192018e-01
4.332525671302759e-01
4.405368883426319e-01
4.478287930792707e-01
4.551246354548912e-01
4.624207066610244e-01
4.697132377766061e-01
4.769984027016660e-01
4.842723212115587e-01
4.915310621289045e-01
4.987706466101382e-01
5.059870515433305e-01
5.131762130536709e-01
5.203340301127694e-01
5.274563682476890e-01
5.345390633453698e-01
5.415779255478893e-01
5.485687432337615e-01
5.555072870802656e-01
5.623893142015827e-01
5.692105723573015e-01
5.759668042256808e-01
5.826537517358402e-01
5.892671604528971e-01
5.958027840098916e-01
6.022563885801760e-01
6.086237573838167e-01
6.149006952214076e-01
6.210830330285786e-01
6.271666324443801e-01
6.331473903866084e-01
6.390212436270810e-01
6.447841733597763e-01
6.504322097547108e-01
6.559614364903876e-01
6.613679952576068e-01
6.666480902274382e-01
6.717979924761388e-01
6.768140443598315e-01
6.816926638317792e-01
6.864303486951465e-01
6.910236807842005e-01
6.954693300669734e-01
6.997640586625127e-01
7.039047247659407e-01
7.078882864746743e-01
7.117118055092900e-01
7.153724508226654e-01
7.188675020912003e-01
7.221943530820917e-01
7.253505148908300e-01
7.283336190432933e-01
7.311414204570236e-01
7.337718002565076e-01
7.362227684375190e-01
7.384924663758329e-01
7.405791691758875e-01
7.424812878552363e-01
7.441973713609202e-01
7.457261084141769e-01
7.470663291802041e-01
7.482170067600027e-01
7.491772585016326e-01
7.499463471285419e-01
7.505236816829457e-01
7.509088182825693e-01
7.511014606893948e-01
7.511014606893948e-01
7.509088182825693e-01
7.505236816829457e-01
7.499463471285419e-01
7.491772585016326e-01
7.482170067600026e-01
7.470663291802041e-01
7.457261084141769e-01
7.441973713609203e-01
7.424812878552365e-01
7.405791691758874e-01
7.384924663758329e-01
7.362227684375190e-01
7.337718002565078e-01
7.311414204570237e-01
7.283336190432932e-01
7.253505148908300e-01
7.221943530820917e-01
7.188675020912005e-01
7.153724508226655e-01
7.117118055092898e-01
7.078882864746743e-01
7.039047247659407e-01
6.997640586625129e-01
6.954693300669736e-01
6.910236807842003e-01
6.864303486951465e-01
6.816926638317792e-01
6.768140443598317e-01
6.717979924761391e-01
6.666480902274379e-01
6.613679952576068e-01
6.559614364903876e-01
6.504322097547112e-01
6.447841733597767e-01
6.390212436270810e-01
6.331473903866084e-01
6.271666324443801e-01
6.210830330285789e-01
6.149006952214079e-01
6.086237573838167e-01
6.022563885801760e-01
5.958027840098916e-01
5.892671604528974e-01
5.826537517358406e-01
5.759668042256808e-01
5.692105723573015e-01
5.623893142015827e-01
5.555072870802661e-01
5.485687432337611e-01
5.415779255478893e-01
5.345390633453698e-01
5.274563682476890e-01
5.203340301127697e-01
5.131762130536704e-01
5.059870515433305e-01
4.987706466101382e-01
4.915310621289045e-01
4.842723212115592e-01
4.769984027016657e-01
4.697132377766061e-01
4.624207066610244e-01
4.551246354548912e-01
4.478287930792710e-01
4.405368883426315e-01
4.332525671302759e-01
4.259794097192018e-01
4.187209282204595e-01
4.114805641507907e-01
4.042616861350882e-01
3.970675877409566e-01
3.899014854463792e-01
3.827665167412741e-01
3.756657383634389e-01
3.686021246691518e-01
3.615785661384561e-01
3.545978680148930e-01
3.476627490792468e-01
3.407758405566042e-01
3.339396851558252e-01
3.271567362403024e-01
3.204293571286602e-01
3.137598205238689e-01
3.071503080690220e-01
3.006029100278549e-01
2.941196250878965e-01
2.877023602839617e-01
2.813529310395497e-01
2.750730613235314e-01
2.688643839193770e-01
2.627284408040328e-01
2.566666836334147e-01
2.506804743313868e-01
2.447710857789573e-01
2.389397026003358e-01
2.331874220423999e-01
2.275152549440245e-01
2.219241267916702e-01
2.164148788575415e-01
2.109882694165806e-01
2.056449750385110e-01
2.003855919510990e-01
1.952106374707846e-01
1.901205514967976e-01
1.851156980648654e-01
1.801963669566197e-01
1.753627753607963e-01
1.706150695823539e-01
1.659533267956348e-01
1.613775568377330e-01
1.568877040382490e-01
1.524836490816724e-01
1.481652108986586e-01
1.439321485825294e-01
1.397841633273834e-01
1.357209003842603e-01
1.317419510318824e-01
1.278468545585610e-01
1.240351002519390e-01
1.203061293933263e-01
1.166593372534621e-01
1.130940750866467e-01
1.096096521202618e-01
1.062053375368080e-01
1.028803624456868e-01
9.963392184204964e-02
9.646517655015817e-02
9.337325514878947e-02
9.035725587634084e-02
8.741624851339645e-02
8.454927624062256e-02
8.175535746998372e-02
7.903348764737052e-02
7.638264102485114e-02
7.380177240086960e-02
7.128981882682107e-02
6.884570127855537e-02
6.646832629146227e-02
6.415658755790517e-02
6.190936748588097e-02
5.972553871788365e-02
5.760396560906457e-02
5.554350566387716e-02
5.354301093050026e-02
5.160132935243314e-02
4.971730607674915e-02
4.788978471859601e-02
4.611760858161641e-02
4.439962183405544e-02
4.273467064040863e-02
4.112160424854386e-02
3.955927603231788e-02
3.804654448977977e-02
3.658227419713150e-02
3.516533671868730e-02
3.379461147313886e-02
3.246898655650371e-02
3.118735952219057e-02
2.994863811867690e-02
2.875174098534957e-02
2.759559830710792e-02
2.647915242838304e-02
2.540135842726680e-02
2.436118465049000e-02
2.335761321002726e-02
2.238964044214051e-02
2.145627732970917e-02
2.055654988872173e-02
1.968949951983142e-02
1.885418332590373e-02
1.804967439650137e-02
1.727506206027494e-02
1.652945210623900e-02
1.581196697492852e-02
1.512174592044065e-02
1.445794514437328e-02
1.381973790267996e-02
1.320631458646150e-02
1.261688277771716e-02
1.205066728107600e-02
1.150691013252782e-02
1.098487058616616e-02
1.048382507995016e-02
1.000306718148367e-02
9.541907514798815e-03
9.099673669121408e-03
8.675710090580765e-03
8.269377957813068e-03
7.880055042391898e-03
7.507135555001717e-03
7.150029978254021e-03
6.808164887025333e-03
6.480982757177664e-03
6.167941763501308e-03
5.868515567698207e-03
5.582193097203397e-03
5.308478315618514e-03
5.046889985509369e-03
4.796961424296062e-03
4.558240253940334e-03
4.330288145111834e-03
4.112680556490078e-03
3.905006469835366e-03
3.706868121437661e-03
3.517880730527829e-03
3.337672225212298e-03
3.165882966467360e-03
3.002165470705868e-03
2.846184131405411e-03
2.697614940263192e-03
2.556145208320273e-03
2.421473287474378e-03
2.293308292778277e-03
2.171369825898596e-03
2.055387700087914e-03
1.945101667002208e-03
1.840261145674393e-03
1.740624953934640e-03
1.645961042548333e-03
1.556046232322973e-03
1.470665954416973e-03
1.389613994064670e-03
1.312692237914482e-03
1.239710425159985e-03
1.170485902627064e-03
1.104843383964663e-03
1.042614713070974e-03
9.836386318724224e-04
9.277605525585716e-04
8.748323343623878e-04
8.247120649625834e-04
7.772638465720898e-04
7.323575867650519e-04
6.898687940834543e-04
6.496783784537093e-04
6.116724564335752e-04
5.757421613000050e-04
5.417834579795985e-04
5.096969628146869e-04
4.793877681502042e-04
4.507652717188394e-04
4.237430107950152e-04
3.982385010816852e-04
3.741730802877726e-04
3.514717563485530e-04
3.300630602359504e-04
3.098789033009884e-04
2.908544390862498e-04
2.729279295421459e-04
2.560406155772561e-04
2.401365918696582e-04
2.251626858632908e-04
2.110683408708066e-04
1.978055032020614e-04
1.853285132354837e-04
1.735940003478178e-04
1.625607816163711e-04
1.521897642067258e-04
1.424438513579675e-04
1.332878518768348e-04
1.246883930517082e-04
1.166138368971294e-04
1.090341996394863e-04
1.019210743546018e-04
9.524755666830281e-05
8.898817343145076e-05
8.311881428154628e-05
7.761666600374240e-05
7.246014960495196e-05
6.762886001572951e-05
6.310350833566287e-05
5.886586653919777e-05
5.489871456007820e-05
5.118578967391443e-05
4.771173809981698e-05
4.446206874348789e-05
4.142310900569631e-05
3.858196258163900e-05
3.592646917829088e-05
3.344516607851406e-05
3.112725148235630e-05
2.896254955767821e-05
2.694147713396381e-05
2.505501197489341e-05
2.329466256700524e-05
2.165243936350125e-05
2.012082742399966e-05
1.869276039276927e-05
1.736159575970532e-05
1.612109135002645e-05
1.496538299036871e-05
1.388896330063823e-05
1.288666156264853e-05
1.195362461820750e-05
1.108529875094110e-05
1.027741250772830e-05
9.525960417188362e-06
8.827187564196281e-06
8.177574980904960e-06
7.573825816228861e-06
7.012852247181123e-06
6.491763096865264e-06
6.007852125295225e-06
5.558586960555095e-06
5.141598639115359e-06
4.754671725388870e-06
4.395734981843729e-06
4.062852562186596e-06
3.754215701293001e-06
3.468134876685793e-06
3.203032417455030e-06
2.957435537568066e-06
2.729969771539331e-06
2.519352791417124e-06
2.324388584996529e-06
2.143961976087622e-06
1.977033468554624e-06
1.822634396695391e-06
1.679862365353859e-06
1.547876963948613e-06
1.425895739362122e-06
1.313190413366285e-06
1.209083330961756e-06
1.112944126682786e-06
1.024186596565036e-06
9.422657640934636e-07
8.666751290405925e-07
7.969440886732507e-07
7.326355213495128e-07
6.733435230468485e-07
6.186912878590898e-07
5.683291239740535e-07
5.219325970961109e-07
4.792007937100471e-07
4.398546969940396e-07
4.036356685820804e-07
3.703040297498460e-07
3.396377359536907e-07
3.114311389910565e-07
2.854938313723199e-07
2.616495678001214e-07
2.397352589428349e-07
2.196000329647559e-07
2.011043605375524e-07
1.841192393058679e-07
1.685254340155464e-07
1.542127687361295e-07
1.410794678206690e-07
1.290315424460887e-07
1.179822197666748e-07
1.078514118924489e-07
9.856522207352290e-08
9.005548563156219e-08
8.225934333066912e-08
7.511884502268066e-08
6.858058153656205e-08
6.259534290860326e-08
5.711780116988334e-08
5.210621602035488e-08
4.752216182520402e-08
4.333027446926521e-08
3.949801669948998e-08
3.599546067410629e-08
3.279508652047303e-08
2.987159578197361e-08
2.720173870791999e-08
2.476415440956885e-08
2.253922297026977e-08
2.050892865866160e-08
1.865673345097241e-08
1.696746012204351e-08
1.542718421489997e-08
1.402313424573050e-08
1.274359954517956e-08
1.157784517808852e-08
1.051603342240338e-08
9.549151324049367e-09
8.668943878315727e-09
7.867852419822481e-09
7.138957832600742e-09
6.475928219328508e-09
5.872970694442021e-09
5.324786989808613e-09
4.826532583996349e-09
4.373779087018483e-09
3.962479631855256e-09
3.588937042153269e-09
3.249774562359305e-09
2.941908952236360e-09
2.662525762313963e-09
2.409056620410442e-09
2.179158371997301e-09
1.970693928921452e-09
1.781714691912148e-09
1.610444422437363e-09
1.455264448886555e-09
1.314700100793100e-09
1.187408272916751e-09
1.072166028524782e-09
9.678601581820643e-10
8.734776168216640e-10
7.880967678538644e-10
7.108793686162816e-10
6.410632366007084e-10
5.779555406433570e-10
5.209266656604972e-10
4.694046035764052e-10
4.228698268487395e-10
3.808506044695613e-10
3.429187235288944e-10
3.086855823910905e-10
2.777986242698401e-10
2.499380825125483e-10
2.248140112337965e-10
2.021635770857248e-10
1.817485899333795e-10
1.633532520280483e-10
1.467821069528963e-10
1.318581711635335e-10
1.184212323716059e-10
1.063263003313600e-10
9.544219679597667e-11
8.565027252044671e-11
7.684324020814786e-11
6.892411323611466e-11
6.180524085558476e-11
5.540743135569075e-11
4.965915540469501e-11
4.449582244989974e-11
3.985912366914088e-11
3.569643552784591e-11
3.196027851006212e-11
2.860782606338639e-11
2.560045922972070e-11
2.290336282949584e-11
2.048515942930749e-11
1.831757765456115e-11
1.637515171216697e-11
1.463494926590846e-11
1.307632506093120e-11
1.168069792581325e-11
1.043134899270991e-11
9.313239169743643e-12
8.312844076689141e-12
7.418004816472648e-12
6.617793102362931e-12
5.902389395171639e-12
5.262972827385579e-12
4.691621802939265e-12
4.181224263216867e-12
3.725396702697834e-12
3.318411102210781e-12
2.955129024741080e-12
2.630942188812299e-12
2.341718898222916e-12
2.083755764920095e-12
1.853734214536635e-12
1.648681312062216e-12
1.465934488693424e-12
1.303109790490789e-12
1.158073305420862e-12
1.028915458000215e-12
9.139278903808109e-13
8.115826755934862e-13
7.205136330446966e-13
6.394995384660988e-13
5.674490405536008e-13
5.033871146886155e-13
4.464429005819522e-13
3.958387855753026e-13
3.508806088192035e-13
3.109488737498829e-13
2.754908673277847e-13
2.440135944863389e-13
2.160774452681543e-13
1.912905202864700e-13
1.693035475238046e-13
1.498053301405983e-13
1.325186709817728e-13
1.171967248991368e-13
1.036197349079527e-13
9.159211261710807e-14
8.093982735958736e-14
7.150807204508314e-14
6.315917699692754e-14
5.577074595529592e-14
4.923399105873303e-14
4.345224598440433e-14
3.833963855956669e-14
3.381990607549418e-14
2.982533826132018e-14
2.629583442782665e-14
2.317806268711598e-14
2.042471040881669e-14
1.799381620088803e-14
1.584817471585076e-14
1.395480649271295e-14
1.228448586131471e-14
1.081132066854350e-14
9.512378243257530e-15
