5.491974139378275e-12
4.872704018482584e-12
4.324451351853547e-12
3.838941473820753e-12
3.408878471867560e-12
3.027827752073983e-12
2.690112887921295e-12
2.390724992483338e-12
2.125243073607284e-12
1.889764023541406e-12
1.680841062134268e-12
1.495429599305494e-12
1.330839610641524e-12
1.184693732057299e-12
1.054890377515814e-12
9.395712695886015e-13
8.370928477358201e-13
7.460010849120052e-13
6.650093006687438e-13
5.929786093390389e-13
5.289006860468451e-13
4.718825719960141e-13
4.211332744058962e-13
3.759519461942589e-13
3.357174566052604e-13
2.998791868203597e-13
2.679489046902478e-13
2.394935903053227e-13
2.141290996075035e-13
1.915145667836740e-13
1.713474581214130e-13
1.533592004817758e-13
1.373113166939211e-13
1.229920083290016e-13
1.102131333505106e-13
9.880753240830777e-14
8.862666307270129e-14
7.953850604929120e-14
7.142571178707672e-14
6.418395947981707e-14
5.772050394983606e-14
5.195288860798020e-14
4.680780532984924e-14
4.222008444665810e-14
3.813179971523801e-14
3.449147532169675e-14
3.125338307051308e-14
2.837691958381337e-14
2.582605444617157e-14
2.356884111556385e-14
2.157698375245649e-14
1.982545343281704e-14
1.829214834211189e-14
1.695759311810791e-14
1.580467271688403e-14
1.481839741598916e-14
1.398569511145827e-14
1.329522809772033e-14
1.273723193943244e-14
1.230337342430271e-14
1.198662637350181e-14
1.178116271479760e-14
1.168225747093565e-14
1.168620671903883e-14
1.179025607588034e-14
1.199254000267905e-14
1.229202989041709e-14
1.268849010677080e-14
1.318244242569005e-14
1.377513598916147e-14
1.446852463253349e-14
1.526524926556931e-14
1.616862504783868e-14
1.718263446025306e-14
1.831192337595774e-14
1.956180243676039e-14
2.093825165556394e-14
2.244792770217347e-14
2.409817647975021e-14
2.589704641594963e-14
2.785330691235783e-14
2.997646790565864e-14
3.227680197320836e-14
3.476537094178166e-14
3.745405148384845e-14
4.035556656367209e-14
4.348351622166303e-14
4.685241046307999e-14
5.047770716275432e-14
5.437584642286395e-14
5.856429244812471e-14
6.306157311811083e-14
6.788731905664964e-14
7.306231118478062e-14
7.860852299299343e-14
8.454916712803998e-14
9.090873949158731e-14
9.771306778579331e-14
1.049893575177837e-13
1.127662426628102e-13
1.210738325422302e-13
1.299437605543709e-13
1.394092252026880e-13
1.495050438294178e-13
1.602676983553569e-13
1.717353828195859e-13
1.839480322315295e-13
1.969473839808449e-13
2.107769973191799e-13
2.254823073055833e-13
2.411106495292796e-13
2.577112800149429e-13
2.753354246682449e-13
2.940362702761308e-13
3.138690081290149e-13
3.348908293621003e-13
3.571609192379061e-13
3.807404716517067e-13
4.056926562031259e-13
4.320826262429502e-13
4.599774680511513e-13
4.894461487443607e-13
5.205594942530125e-13
5.533901012299170e-13
5.880122709816908e-13
6.245019378944730e-13
6.629364987567859e-13
7.033948068303048e-13
7.459568758118426e-13
7.907038645867570e-13
8.377178616590653e-13
8.870816221477141e-13
9.388784475079012e-13
9.931918636585553e-13
1.050105432093989e-12
1.109702405988522e-12
1.172065411712093e-12
1.237276169309388e-12
1.305415038490177e-12
1.376560717085591e-12
1.450789724358019e-12
1.528176014754085e-12
1.608790271479172e-12
1.692699779442478e-12
1.779967539260554e-12
1.870651782754458e-12
1.964805373250427e-12
2.062474824715728e-12
2.163700245854478e-12
2.268514067864163e-12
2.376940465065097e-12
2.488994450269236e-12
2.604680939655808e-12
2.723994336031096e-12
2.846917058379247e-12
2.973419064135688e-12
3.103456334692216e-12
3.236970065633501e-12
3.373886185622371e-12
3.514113479374803e-12
3.657543160755315e-12
3.804046975423164e-12
3.953476597744893e-12
4.105662749880057e-12
4.260413555149181e-12
4.417513962051353e-12
4.576723630069987e-12
4.737776102968667e-12
4.900378754581040e-12
5.064210498433724e-12
5.228921774193783e-12
5.394131417034952e-12
5.559427782497392e-12
5.724367242157177e-12
5.888473438237299e-12
6.051236362035819e-12
6.212110958015576e-12
6.370516771438475e-12
6.525839005462608e-12
6.677426325632854e-12
6.824592513289193e-12
6.966614161637089e-12
7.102731272058682e-12
7.232150045933389e-12
7.354042342536810e-12
7.467542046963455e-12
7.571755993463630e-12
7.665752256059977e-12
7.748573809494841e-12
7.819235927145063e-12
7.876723036835676e-12
7.920001893896300e-12
7.948013991745939e-12
7.959688030217960e-12
7.953940132400528e-12
7.929671459391829e-12
7.885789352242434e-12
7.821190309981185e-12
7.734789479914295e-12
7.625511658747308e-12
7.492297255697056e-12
7.334125494418142e-12
7.149999342592750e-12
6.938973918027558e-12
6.700164728590252e-12
6.432737372288888e-12
6.135940713858368e-12
5.809111655249999e-12
5.451685327131917e-12
5.063216122411229e-12
4.643370540499681e-12
4.191956894453175e-12
3.708950247621745e-12
3.194493714692159e-12
2.648921013093108e-12
2.072761667165635e-12
1.466768546898312e-12
8.319577665671929e-13
1.695874343732306e-13
-5.187686218099952e-13
-1.231275931906639e-12
-1.965755249550005e-12
-2.719662169081705e-12
-3.490094931807297e-12
-4.273734144355501e-12
-5.066885279403355e-12
-5.865376760672003e-12
-6.664576009118850e-12
-7.459349110616742e-12
-8.244020917314021e-12
-9.012417548359686e-12
-9.757794398879138e-12
-1.047276935312036e-11
-1.114935747892343e-11
-1.177889556724931e-11
-1.235211065375719e-11
-1.285901940484280e-11
-1.328887520857247e-11
-1.363024103306909e-11
-1.387083503612274e-11
-1.399767107779226e-11
-1.399698933146620e-11
-1.385409842402652e-11
-1.355352982623792e-11
-1.307892336099847e-11
-1.241308965338472e-11
-1.153804655984469e-11
-1.043473987771826e-11
-9.083319166269810e-12
-7.463085704983996e-12
-5.552357185134582e-12
-3.328674141878096e-12
-7.685831138193322e-13
2.152257538856617e-12
5.458886814802000e-12
9.177394955095508e-12
1.333448976237328e-11
1.795780538160763e-11
2.307575658333505e-11
2.871733059683912e-11
3.491242017705787e-11
4.169129971809404e-11
4.908504158684934e-11
5.712526979229082e-11
6.584376099905143e-11
7.527315576405513e-11
8.544596280524175e-11
9.639525289095729e-11
1.081542563841076e-10
1.207559538474179e-10
1.342337560550355e-10
1.486204700973381e-10
1.639489863314303e-10
1.802518898030847e-10
1.975608565629727e-10
2.159074932728267e-10
2.353222061657334e-10
2.558348602410554e-10
2.774739188415865e-10
3.002670889706849e-10
3.242406620973526e-10
3.494190353725557e-10
3.758255234798114e-10
4.034810818787093e-10
4.324049451831513e-10
4.626145438946239e-10
4.941240611122666e-10
5.269462366452871e-10
5.610899939112457e-10
5.965622856818342e-10
6.333667618152461e-10
6.715035055782081e-10
7.109698108020979e-10
7.517585026706186e-10
7.938593948875194e-10
8.372583598648120e-10
8.819364682999264e-10
9.278715573657337e-10
9.750357743421034e-10
1.023397921962044e-09
1.072921723688225e-09
1.123565573912799e-09
1.175283925736181e-09
1.228024987254273e-09
1.281733164049115e-09
1.336346117097875e-09
1.391797760375013e-09
1.448016123672957e-09
1.504923047290774e-09
1.562436652280397e-09
1.620467954266402e-09
1.678923833292600e-09
1.737705701554404e-09
1.796709003798469e-09
1.855825076946260e-09
1.914939096181456e-09
1.973932128862543e-09
2.032680801455911e-09
2.091055884001491e-09
2.148925259959356e-09
2.206151206163298e-09
2.262593279400704e-09
2.318107261700675e-09
2.372544882778271e-09
2.425756318036321e-09
2.477587190963249e-09
2.527882958514027e-09
2.576486579641823e-09
2.623238903876057e-09
2.667981224835358e-09
2.710553170803820e-09
2.750795424777408e-09
2.788549613441660e-09
2.823657085926357e-09
2.855962966119563e-09
2.885312766487402e-09
2.911556717943853e-09
2.934548493094269e-09
2.954145206235381e-09
2.970209578290195e-09
2.982609659252233e-09
2.991220271475470e-09
2.995922343540514e-09
2.996605130700658e-09
2.993166881015696e-09
2.985513003483931e-09
2.973560730978875e-09
2.957235845091333e-09
2.936476284354228e-09
2.911231700153394e-09
2.881462957127212e-09
2.847145519346839e-09
2.808265953113676e-09
2.764827145007587e-09
2.716845748373942e-09
2.664352294345917e-09
2.607394411491271e-09
2.546034494343985e-09
2.480351479761111e-09
2.410441624078885e-09
2.336416837778188e-09
2.258407016952901e-09
2.176558155930763e-09
2.091034234652511e-09
2.002016996627276e-09
1.909704283598046e-09
1.814312033943111e-09
1.716072950408432e-09
1.615236611129944e-09
1.512068137365929e-09
1.406850191898457e-09
1.299880203475823e-09
1.191470588857158e-09
1.081948419745515e-09
9.716549786986661e-10
8.609438717499529e-10
7.501808063636872e-10
6.397438134797540e-10
5.300196947999325e-10
4.214050219886190e-10
3.143044713382892e-10
2.091293804795669e-10
1.062966381581987e-10
6.226796855912653e-12
-9.065592720958193e-11
-1.839263186198536e-10
-2.731611603579154e-10
-3.579359031391505e-10
-4.378326590170900e-10
-5.124365376474316e-10
-5.813405312693476e-10
-6.441462918616025e-10
-7.004649638098215e-10
-7.499210696870762e-10
-7.921513445197093e-10
-8.268097317909451e-10
-8.535679940635532e-10
-8.721150468460337e-10
-8.821632868638574e-10
-8.834455389461482e-10
-8.757209402077137e-10
-8.587750510713477e-10
-8.324186340225026e-10
-7.964947035254966e-10
-7.508744181983218e-10
-6.954642417511536e-10
-6.302004473823786e-10
-5.550573889401278e-10
-4.700446698535643e-10
-3.752067545548243e-10
-2.706294355281358e-10
-1.564336993276072e-10
-3.278272098228285e-11
1.001199956274235e-10
2.420334765940169e-10
3.926721447999881e-10
5.517134249455324e-10
7.187906242434039e-10
8.934964434992310e-10
1.075386432680681e-09
1.263971524667618e-09
1.458728061953796e-09
1.659090285294207e-09
1.864455371450476e-09
2.074186954137414e-09
2.287609740525554e-09
2.504018881133163e-09
2.722674544153314e-09
2.942807067474185e-09
3.163621614676870e-09
3.384293345565226e-09
3.603977977162387e-09
3.821805927284316e-09
4.036892986558627e-09
4.248336044065937e-09
4.455219082544204e-09
4.656618868281726e-09
4.851601287381158e-09
5.039232031656127e-09
5.218573795318093e-09
5.388691715069172e-09
5.548659920417975e-09
5.697558591588603e-09
5.834484784195126e-09
5.958549542661729e-09
6.068884450538548e-09
6.164646959572195e-09
6.245019223971582e-09
6.309217315259019e-09
6.356489279379929e-09
6.386121742529838e-09
6.397444074490721e-09
6.389828333119851e-09
6.362696314266003e-09
6.315519662791758e-09
6.247823813865239e-09
6.159192378341061e-09
6.049267253782631e-09
5.917753509443457e-09
5.764419830356360e-09
5.589102181069450e-09
5.391705137913760e-09
5.172203665360087e-09
4.930644892375824e-09
4.667149444692598e-09
4.381912110940078e-09
4.075203230424762e-09
3.747369636819542e-09
3.398833436918380e-09
3.030094231082359e-09
2.641726726260174e-09
2.234381846211164e-09
1.808786509460703e-09
1.365739521475007e-09
9.061149053302131e-10
4.308551848630771e-10
-5.902611732722107e-11
-5.624478660593013e-10
-1.078266587128951e-09
-1.605273414195807e-09
-2.142203470167914e-09
-2.687733202666465e-09
-3.240486490252437e-09
-3.799040526608621e-09
-4.361923711115878e-09
-4.927626806594532e-09
-5.494600663347171e-09
-6.061263768675218e-09
-6.626008963728225e-09
-7.187202138991822e-09
-7.743194946341347e-09
-8.292322162262167e-09
-8.832910208811384e-09
-9.363285785601860e-09
-9.881773108122438e-09
-1.038670836839284e-08
-1.087643577979414e-08
-1.134932231527941e-08
-1.180375483814111e-08
-1.223814893348829e-08
1.223815471705636e-08
1.180375958434454e-08
1.134932717250514e-08
1.087644073416438e-08
1.038671224029564e-08
9.881779325371376e-09
9.363290948138925e-09
8.832915454615176e-09
8.292326408865236e-09
7.743199276211143e-09
7.187208689307667e-09
6.626014514843348e-09
6.061269375301492e-09
5.494605437306177e-09
4.927631636064689e-09
4.361930483476328e-09
3.799046466301803e-09
3.240492485456770e-09
2.687738476225832e-09
2.142208799238432e-09
1.605280408600862e-09
1.078272859889040e-09
5.624542498416929e-10
5.903189048694912e-11
-4.308493006810465e-10
-9.061077443917043e-10
-1.365732860136859e-09
-1.808779792611404e-09
-2.234375739984529e-09
-2.641720397988934e-09
-3.030087458721908e-09
-3.398826997624838e-09
-3.747363308548302e-09
-4.075197124198127e-09
-4.381905949202292e-09
-4.667143338465962e-09
-4.930638841660340e-09
-5.172197670155754e-09
-5.391699198220579e-09
-5.589096185865117e-09
-5.764414057196632e-09
-5.917747791794881e-09
-6.049261647156357e-09
-6.159186549670181e-09
-6.247818040705511e-09
-6.315514278210088e-09
-6.362690985195485e-09
-6.389823115071636e-09
-6.397438412353296e-09
-6.386117190615437e-09
-6.356484283376318e-09
-6.309212374766560e-09
-6.245014394501425e-09
-6.164641463968223e-09
-6.068880398224508e-09
-5.958544879725025e-09
-5.834480232280725e-09
-5.697554095185353e-09
-5.548654702369760e-09
-5.388688273377795e-09
-5.218569687492902e-09
-5.039228090364389e-09
-4.851597457111723e-09
-4.656614260856173e-09
-4.455216501275672e-09
-4.248332685641287e-09
-4.036889766911855e-09
-3.821802874170999e-09
-3.603973924848347e-09
-3.384291624719538e-09
-3.163618964019399e-09
-2.942804583350167e-09
-2.722671199606452e-09
-2.504015460258469e-09
-2.287608658058105e-09
-2.074185035533249e-09
-1.864453598129402e-09
-1.659087613820054e-09
-1.458725501501945e-09
-1.263971337317482e-09
-1.075385253068717e-09
-8.934954026651454e-10
-7.187886813531108e-10
-5.517115653219662e-10
-3.926725333780468e-10
-2.420330325048070e-10
-1.001196903160917e-10
3.278377569415625e-11
1.564346152616025e-10
2.706282420383843e-10
3.752064214879169e-10
4.700442257643545e-10
5.550576664958840e-10
6.302006139158323e-10
6.954626874389191e-10
7.508735300199021e-10
7.964937598359256e-10
8.324184119778977e-10
8.587747735155915e-10
8.757197744735379e-10
8.834442621896699e-10
8.821619545962278e-10
8.721142141787652e-10
8.535671058851335e-10
8.268081774787106e-10
7.921497346963235e-10
7.499194043525392e-10
7.004635760310407e-10
6.441439603932508e-10
5.813385328679033e-10
5.124345392459873e-10
4.378306606156457e-10
3.579342378046135e-10
2.731586068449587e-10
1.839239871515019e-10
9.065348471892776e-11
-6.229239346566828e-12
-1.062989696265504e-10
-2.091321560371284e-10
-3.143071358735483e-10
-4.214076865238781e-10
-5.300225813797965e-10
-6.397465890373155e-10
-7.501840260104586e-10
-8.609469803744219e-10
-9.716580873231351e-10
-1.081951639392287e-09
-1.191473808503929e-09
-1.299883090055687e-09
-1.406853189500623e-09
-1.512071023945794e-09
-1.615239386687506e-09
-1.716075948010598e-09
-1.814314587456067e-09
-1.909706837111003e-09
-2.002019550140233e-09
-2.091036788165468e-09
-2.176560820466023e-09
-2.258408904332043e-09
-2.336419058224237e-09
-2.410443844524934e-09
-2.480353811229463e-09
-2.546036714790034e-09
-2.607395965803505e-09
-2.664354070702757e-09
-2.716847524730781e-09
-2.764829143409031e-09
-2.808268062537422e-09
-2.847146740592166e-09
-2.881464511439447e-09
-2.911233143443326e-09
-2.936477949688765e-09
-2.957237510425870e-09
-2.973561563646143e-09
-2.985514113706955e-09
-2.993167880216419e-09
-2.996606518479439e-09
-2.995923564785841e-09
-2.991220715564680e-09
-2.982610380897199e-09
-2.970210244424010e-09
-2.954146205436103e-09
-2.934549547806142e-09
-2.911557162033063e-09
-2.885313155065461e-09
-2.855963243675319e-09
-2.823657752060171e-09
-2.788550279575475e-09
-2.750795480288559e-09
-2.710553170803820e-09
-2.667981169324207e-09
-2.623239292454116e-09
-2.576486912708731e-09
-2.527882847491725e-09
-2.477587079940946e-09
-2.425756207014018e-09
-2.372545160334028e-09
-2.318106651078011e-09
-2.262593168378402e-09
-2.206151095140996e-09
-2.148925148937053e-09
-2.091056217068399e-09
-2.032680385122276e-09
-1.973932017840241e-09
-1.914938985159154e-09
-1.855824965923958e-09
-1.796709225843074e-09
-1.737705229709618e-09
-1.678923722270298e-09
-1.620467843244100e-09
-1.562436541258094e-09
-1.504923269335379e-09
-1.448015679583747e-09
-1.391797649352711e-09
-1.336346006075573e-09
-1.281733053026812e-09
-1.228025181543302e-09
-1.175283509402547e-09
-1.123565435134921e-09
-1.072921584910347e-09
-1.023398032984346e-09
-9.750359131199815e-10
-9.278710577653726e-10
-8.819363295220484e-10
-8.372582210869339e-10
-7.938594642764585e-10
-7.517585998151333e-10
-7.109694916129783e-10
-6.715033806781179e-10
-6.333666369151558e-10
-5.965623134374098e-10
-5.610900355446091e-10
-5.269458758228041e-10
-4.941239362121763e-10
-4.626144189945336e-10
-4.324049868165147e-10
-4.034811096342850e-10
-3.758252320462674e-10
-3.494189104724654e-10
-3.242405371972623e-10
-3.002671583596239e-10
-2.774739882305255e-10
-2.558345965630870e-10
-2.353220812656431e-10
-2.159073683727364e-10
-1.975608565629727e-10
-1.802518689864030e-10
-1.639488614313400e-10
-1.486203521361418e-10
-1.342336311549452e-10
-1.207559538474179e-10
-1.081542494452137e-10
-9.639514880754874e-11
-8.544586566072709e-11
-7.527307249732829e-11
-6.584378181573314e-11
-5.712509631994322e-11
-4.908497219791030e-11
-4.169123032915500e-11
-3.491235078811883e-11
-2.871734447462693e-11
-2.307562127490392e-11
-1.795773599266859e-11
-1.333442037343424e-11
-9.177325566156469e-12
-5.458865998120288e-12
-2.152132638766346e-12
7.686490333114193e-13
3.328736591923231e-12
5.552416165732765e-12
7.463099582771804e-12
9.083416310784465e-12
1.043479365414601e-11
1.153809686682550e-11
1.241313822564205e-11
1.307893203461585e-11
1.355357492904830e-11
1.385414005738994e-11
1.399702923010615e-11
1.399770750698526e-11
1.387082636250536e-11
1.363027399281513e-11
1.328890469887156e-11
1.285904716041841e-11
1.235213580724759e-11
1.177889816933453e-11
1.114937829560514e-11
1.047278756771686e-11
9.757810878752160e-12
9.012431426147494e-12
8.244015713143593e-12
7.459359518957598e-12
6.664586417459706e-12
5.865387169012859e-12
5.066894820382473e-12
4.273731542270287e-12
3.490103171743808e-12
2.719669541656478e-12
1.965762188443909e-12
1.231282003438805e-12
5.187647186821742e-13
-1.695822302028027e-13
-8.319534297585029e-13
-1.466764210089622e-12
-2.072757764037814e-12
-2.648923615178322e-12
-3.194490245245207e-12
-3.708947211855662e-12
-4.191954075527526e-12
-4.643367938414467e-12
-5.063218724496443e-12
-5.451683375568006e-12
-5.809109920526523e-12
-6.135939412815761e-12
-6.432736071246281e-12
-6.700166896994597e-12
-6.938972616984951e-12
-7.149998041550143e-12
-7.334124193375535e-12
-7.492300183042921e-12
-7.625514369252739e-12
-7.734788178871688e-12
-7.821189008938578e-12
-7.885788051199827e-12
-7.929672218333350e-12
-7.953936120852489e-12
-7.959687162856222e-12
-7.948013124384201e-12
-7.920001243374997e-12
-7.876723795777196e-12
-7.819233325059849e-12
-7.748573158973537e-12
-7.665751605538673e-12
-7.571755342942327e-12
-7.467542914325193e-12
-7.354040228342573e-12
-7.232149395412085e-12
-7.102730621537379e-12
-6.966613511115785e-12
-6.824592919865008e-12
-6.677425675111551e-12
-6.525838354941305e-12
-6.370516120917172e-12
-6.212110307494273e-12
-6.051236470456037e-12
-5.888472841926104e-12
-5.724366645845982e-12
-5.559427213291251e-12
-5.394130847828811e-12
-5.228921557353348e-12
-5.064209969885165e-12
-4.900378253137536e-12
-4.737775615077690e-12
-4.576723155731537e-12
-4.417513853631136e-12
-4.260413148573367e-12
-4.105662343304242e-12
-3.953476197945342e-12
-3.804046582399877e-12
-3.657542923586089e-12
-3.514113106680306e-12
-3.373885826480402e-12
-3.236969720044058e-12
-3.103455995879037e-12
-2.973418847295253e-12
-2.846916760223649e-12
-2.723994054816157e-12
-2.604680692322187e-12
-2.488994230040670e-12
-2.376940373585539e-12
-2.268513881516915e-12
-2.163700079836021e-12
-2.062474675637929e-12
-1.964805241113287e-12
-1.870651765813799e-12
-1.779967439310666e-12
-1.692699689656986e-12
-1.608790190164009e-12
-1.528175943603318e-12
-1.450789726052085e-12
-1.376560657793285e-12
-1.305414984280068e-12
-1.237276120181477e-12
-1.172065388842204e-12
-1.109702345002150e-12
-1.050105396518605e-12
-9.931918323183363e-13
-9.388784204028468e-13
-8.870816128303516e-13
-8.377178235425826e-13
-7.907038442579663e-13
-7.459568576006343e-13
-7.033947911601953e-13
-6.629365051095330e-13
-6.245019179891987e-13
-5.880122616643284e-13
-5.533900936066205e-13
-5.205594879002654e-13
-4.894461495913937e-13
-4.599774572514812e-13
-4.320826220077854e-13
-4.056926523914777e-13
-3.807404686870914e-13
-3.571609205084555e-13
-3.348908234328696e-13
-3.138690064349490e-13
-2.940362688997022e-13
-2.753354237153329e-13
-2.577112842501076e-13
-2.411106442353237e-13
-2.254823067761877e-13
-2.107769967897843e-13
-1.969473834514493e-13
-1.839480349843866e-13
-1.717353809667013e-13
-1.602676978789009e-13
-1.495050433000222e-13
-1.394092247262320e-13
-1.299437610308270e-13
-1.210738321187137e-13
-1.127662422392937e-13
-1.049893571207370e-13
-9.771306744168618e-14
-9.090873980922467e-14
-8.454916686334219e-14
-7.860852270182585e-14
-7.306231097302238e-14
-6.788731887136118e-14
-6.306157332986907e-14
-5.856429235548048e-14
-5.437584634345461e-14
-5.047770712304965e-14
-4.685241097924069e-14
-4.348351645989104e-14
-4.035556657690698e-14
-3.745405149708334e-14
-3.476537096163399e-14
-3.227680215187937e-14
-2.997646806447732e-14
-2.785330693221016e-14
-2.589704643580196e-14
-2.409817649298510e-14
-2.244792791393171e-14
-2.093825185408729e-14
-1.956180245330400e-14
-1.831192339250135e-14
-1.718263447679667e-14
-1.616862518349630e-14
-1.526524938468332e-14
-1.446852464080530e-14
-1.377513599577891e-14
-1.318244242899877e-14
-1.268849017956269e-14
-1.229202982755136e-14
-1.199254000433341e-14
-1.179025607588034e-14
-1.168620671986601e-14
-1.168225751643058e-14
-1.178116267674729e-14
-1.198662637515617e-14
-1.230337342595707e-14
-1.273723194108681e-14
-1.329522812460370e-14
-1.398569509119234e-14
-1.481839741764352e-14
-1.580467271853840e-14
-1.695759311976227e-14
-1.829214835865550e-14
-1.982545342082292e-14
-2.157698375328367e-14
-2.356884111597744e-14
-2.582605444637836e-14
-2.837691959229197e-14
-3.125338306286166e-14
-3.449147532128316e-14
-3.813179971492782e-14
-4.222008444634791e-14
-4.680780533460553e-14
-5.195288860332731e-14
-5.772050394962927e-14
-6.418395947950688e-14
-7.142571178676652e-14
-7.953850605187614e-14
-8.862666306996126e-14
-9.880753240799757e-14
-1.102131333502004e-13
-1.229920083306042e-13
-1.373113166953170e-13
-1.533592004802248e-13
-1.713474581212579e-13
-1.915145667835706e-13
-2.141290996084599e-13
-2.394935903062016e-13
-2.679489046894465e-13
-2.998791868203597e-13
-3.357174566052604e-13
-3.759519461948146e-13
-4.211332744064132e-13
-4.718825719960141e-13
-5.289006860468451e-13
-5.929786093390389e-13
-6.650093006690605e-13
-7.460010849122895e-13
-8.370928477358201e-13
-9.395712695886015e-13
-1.054890377515814e-12
-1.184693732057476e-12
-1.330839610641682e-12
-1.495429599305494e-12
-1.680841062134268e-12
-1.889764023541406e-12
-2.125243073607385e-12
-2.390724992483252e-12
-2.690112887921295e-12
-3.027827752073983e-12
-3.408878471867560e-12
-3.838941473820807e-12
-4.324451351853499e-12
-4.872704018482584e-12
-5.491974139378275e-12
