1.076202745763004e-13
9.507992561839143e-14
8.402312999154443e-14
7.427184439837501e-14
6.566968710156552e-14
5.807926790319785e-14
5.137985137128395e-14
4.546531121995585e-14
4.024233912833354e-14
3.562887596676197e-14
3.155273747851947e-14
2.795041001929249e-14
2.476599505373410e-14
2.195028380799423e-14
1.945994583064789e-14
1.725681726671345e-14
1.530727643976017e-14
1.358169589875734e-14
1.205396144936450e-14
1.070104987901509e-14
9.502658123640251e-15
8.440877531129268e-15
7.499907668726493e-15
6.665804813666513e-15
5.926260871697003e-15
5.270408996169425e-15
4.688652643421327e-15
4.172515203783829e-15
3.714507701837450e-15
3.308012368216938e-15
2.947180156543861e-15
2.626840516338087e-15
2.342421939039100e-15
2.089881977880343e-15
1.865645599872694e-15
1.666550868325537e-15
1.489801077382263e-15
1.332922565219340e-15
1.193727529313182e-15
1.070281245967974e-15
9.608731733635976e-16
8.639914759372557e-16
7.783005661277334e-16
7.026213107915203e-16
6.359135849604125e-16
5.772609042199831e-16
5.258568891719406e-16
4.809933523110920e-16
4.420498213886817e-16
4.084843313185919e-16
3.798253466940375e-16
3.556646813218555e-16
3.356513075640263e-16
3.194859589260163e-16
3.069164333317214e-16
2.977335327006357e-16
2.917675619252956e-16
2.888853339927862e-16
2.889876382692301e-16
2.920071097083782e-16
2.979064848576106e-16
3.066771897443091e-16
3.183382392862023e-16
3.329354371362948e-16
3.505408229452724e-16
3.712523867773954e-16
3.951940087521633e-16
4.225156128482103e-16
4.533935554972468e-16
4.880311852492926e-16
5.266596304295654e-16
5.695387650786412e-16
6.169583524262537e-16
6.692394105147869e-16
7.267357259397957e-16
7.898355927904490e-16
8.589637269522621e-16
9.345833534973727e-16
1.017198546364903e-15
1.107356707731450e-15
1.205651320247774e-15
1.312724868640729e-15
1.429271981552019e-15
1.556042872299355e-15
1.693846912710293e-15
1.843556571742717e-15
2.006111530294801e-15
2.182523066503022e-15
2.373878823197625e-15
2.581347700055555e-15
2.806185236891890e-15
3.049739189684344e-15
3.313455386598418e-15
3.598884135328423e-15
3.907686799596942e-15
4.241642845079283e-15
4.602657161192677e-15
4.992767906904385e-15
5.414154642744298e-15
5.869147086511725e-15
6.360234106383011e-15
6.890073305453293e-15
7.461500803147247e-15
8.077541888478194e-15
8.741422054637471e-15
9.456578481915697e-15
1.022667161161390e-14
1.105559834950047e-14
1.194750441561768e-14
1.290679862638214e-14
1.393816672504469e-14
1.504658583088127e-14
1.623734057252363e-14
1.751603790441846e-14
1.888862461989531e-14
2.036140382529566e-14
2.194105223135646e-14
2.363463906917639e-14
2.544964391761237e-14
2.739397721074138e-14
2.947599915051793e-14
3.170453963190066e-14
3.408892010689033e-14
3.663897393979028e-14
3.936506864182134e-14
4.227812848954848e-14
4.538965461544353e-14
4.871175187471146e-14
5.225714628887518e-14
5.603921306403719e-14
6.007199870638051e-14
6.437024180094558e-14
6.894939961375884e-14
7.382566850003275e-14
7.901600952691247e-14
8.453816877579680e-14
9.041069949754373e-14
9.665298598821162e-14
1.032852606355972e-13
1.103286279008562e-13
1.178050798827331e-13
1.257375164875340e-13
1.341497527877247e-13
1.430665503092106e-13
1.525136158137265e-13
1.625176169160069e-13
1.731061907129340e-13
1.843079373778508e-13
1.961524485361653e-13
2.086702861954056e-13
2.218929856039563e-13
2.358530446631464e-13
2.505839073042279e-13
2.661199683588153e-13
2.824965291955349e-13
2.997497898849698e-13
3.179167932954860e-13
3.370353988352103e-13
3.571442604291742e-13
3.782827403337114e-13
4.004908782197550e-13
4.238092891053677e-13
4.482791142278305e-13
4.739419441754031e-13
5.008397049613921e-13
5.290145834852520e-13
5.585088619376440e-13
5.893648098037347e-13
6.216246000069351e-13
6.553301026563773e-13
6.905227732385659e-13
7.272433735200216e-13
7.655318910791513e-13
8.054272945137264e-13
8.469673428584696e-13
8.901883196167095e-13
9.351247735682987e-13
9.818092367076424e-13
1.030272026885022e-12
1.080540881041327e-12
1.132640676534220e-12
1.186593021174184e-12
1.242415890694427e-12
1.300123405134179e-12
1.359725368052771e-12
1.421226597373608e-12
1.484627050745042e-12
1.549920646470512e-12
1.617095458326121e-12
1.686132993888563e-12
1.757007313620863e-12
1.829685183338302e-12
1.904124820599658e-12
1.980275972634235e-12
2.058078947336176e-12
2.137463830606014e-12
2.218350645592868e-12
2.300647492610094e-12
2.384251264031089e-12
2.469046173840094e-12
2.554902795402769e-12
2.641678623896068e-12
2.729215711392251e-12
2.817341371590294e-12
2.905867237915256e-12
2.994587474584691e-12
3.083279318709733e-12
3.171702063855565e-12
3.259596192679674e-12
3.346683227854058e-12
3.432663685633622e-12
3.517217428221885e-12
3.600003717981089e-12
3.680659862179483e-12
3.758800535364967e-12
3.834016790030606e-12
3.905876192139904e-12
3.973923403885471e-12
4.037677527393702e-12
4.096635384436345e-12
4.150265472003395e-12
4.198012326216832e-12
4.239296739171061e-12
4.273512858692097e-12
4.300031196998594e-12
4.318193968632505e-12
4.327320782520488e-12
4.326706527779667e-12
4.315622078449044e-12
4.293317003994934e-12
4.259014419350643e-12
4.211916026456569e-12
4.151205366866723e-12
4.076045924394922e-12
3.985584974032508e-12
3.878948594618348e-12
3.755248390892307e-12
3.613588161338610e-12
3.453055766669544e-12
3.272737332873921e-12
3.071707384977307e-12
2.849032858590062e-12
2.603791965025137e-12
2.335058795627232e-12
2.041919584805374e-12
1.723466204819890e-12
1.378799201548486e-12
1.007051646934043e-12
6.073754780372420e-13
1.789421475578701e-13
-2.790320058343454e-13
-7.673063573410133e-13
-1.286584554172077e-12
-1.837516250269289e-12
-2.420714887221842e-12
-3.036711290413385e-12
-3.685983809842419e-12
-4.368924493014514e-12
-5.085836699697532e-12
-5.836956785965075e-12
-6.622393605715260e-12
-7.442177950289786e-12
-8.296210506769652e-12
-9.184257954847341e-12
-1.010599676859458e-11
-1.106091520458596e-11
-1.204840307383881e-11
-1.306765503097940e-11
-1.411770093190379e-11
-1.519743358935344e-11
-1.630551162840055e-11
-1.744045359519664e-11
-1.860053864405353e-11
-1.978382648676336e-11
-2.098821203638801e-11
-2.221129183355153e-11
-2.345048807916861e-11
-2.470292460171608e-11
-2.596552486910930e-11
-2.723490443584664e-11
-2.850740737220248e-11
-2.977915483648452e-11
-3.104591410341140e-11
-3.230324167879939e-11
-3.354633931751394e-11
-3.477008958530092e-11
-3.596915647274823e-11
-3.713777896319215e-11
-3.827002603706831e-11
-3.935952432032597e-11
-4.039961420954086e-11
-4.138338630110816e-11
-4.230351485778883e-11
-4.315246597552669e-11
-4.392231543748348e-11
-4.460480595991356e-11
-4.519151719506453e-11
-4.567352399065250e-11
-4.604185088741275e-11
-4.628704017295426e-11
-4.639940862083414e-11
-4.636910300170882e-11
-4.618589538596396e-11
-4.583948151615225e-11
-4.531912345395739e-11
-4.461419775281250e-11
-4.371359177413048e-11
-4.260613042927908e-11
-4.128067679354253e-11
-3.972569148635863e-11
-3.792988839679268e-11
-3.588162406087392e-11
-3.356930705633587e-11
-3.098149514713100e-11
-2.810659344154587e-11
-2.493331235919882e-11
-2.145023048072403e-11
-1.764609985910326e-11
-1.351013745320984e-11
-9.031358993993877e-12
-4.199529612947117e-12
9.956688251655521e-13
6.564117305263295e-12
1.251503067845050e-11
1.885754746799861e-11
2.559988332428986e-11
3.275012899761620e-11
4.031563971551577e-11
4.830283395484969e-11
5.671792202566195e-11
6.556577503147309e-11
7.485094488668409e-11
8.457712308285181e-11
9.474661333275236e-11
1.053613307711032e-10
1.164215945870239e-10
1.279272104914853e-10
1.398767074389795e-10
1.522671849718549e-10
1.650949377207667e-10
1.783545949818333e-10
1.920400227728436e-10
2.061431164657179e-10
2.206548554983812e-10
2.355649147967043e-10
2.508607904738724e-10
2.665295206760732e-10
2.825555900365373e-10
2.989228031768931e-10
3.156131744841417e-10
3.326067199438398e-10
3.498827894077294e-10
3.674178183921128e-10
3.851880481242631e-10
4.031674438742527e-10
4.213280280218612e-10
4.396413788576581e-10
4.580761603367733e-10
4.766003147693709e-10
4.951805909758633e-10
5.137810454858283e-10
5.323657070732679e-10
5.508959954880766e-10
5.693327476130605e-10
5.876357178635772e-10
6.057623291866321e-10
6.236703098405627e-10
6.413148623263254e-10
6.586516609896620e-10
6.756338544189333e-10
6.922152850918906e-10
7.083486019965335e-10
7.239852606311104e-10
7.390771328275036e-10
7.535746471276639e-10
7.674291757631124e-10
7.805915358538584e-10
7.930119338972474e-10
8.046417976359521e-10
8.154315556119229e-10
8.253333572127985e-10
8.342997404042762e-10
8.422829100851459e-10
8.492375691560028e-10
8.551179209170812e-10
8.598805556481182e-10
8.634835624299342e-10
8.658852523879546e-10
8.670474893612834e-10
8.669323592336298e-10
8.655048899797180e-10
8.627329406429851e-10
8.585850364006831e-10
8.530343653667671e-10
8.460547817890074e-10
8.376243587626675e-10
8.277244445409337e-10
8.163382192449831e-10
8.034533038880909e-10
7.890602615745479e-10
7.731535967003822e-10
7.557316439310569e-10
7.367957355342014e-10
7.163523108033587e-10
6.944110841899942e-10
6.709865996157305e-10
6.460960655374492e-10
6.197631297055750e-10
5.920149925842111e-10
5.628821853065347e-10
5.324014562546608e-10
5.006124403905687e-10
4.675605458359655e-10
4.332949554708421e-10
3.978692930672878e-10
3.613419563563980e-10
3.237753398721566e-10
2.852367231298558e-10
2.457973824476767e-10
2.055322578797814e-10
1.645213965062453e-10
1.228480650539154e-10
8.059930500792234e-11
3.786704283470499e-11
-5.254907620155791e-12
-4.866851366358560e-11
-9.227263397804109e-11
-1.359631296438124e-10
-1.796329751613257e-10
-2.231737017410751e-10
-2.664728437906660e-10
-3.094170475392843e-10
-3.518910718369739e-10
-3.937777881546367e-10
-4.349591797847552e-10
-4.753165638859969e-10
-5.147295922824924e-10
-5.530790270213970e-10
-5.902448529937487e-10
-6.261074991797955e-10
-6.605485047828097e-10
-6.934498530952737e-10
-7.246954147888118e-10
-7.541705038249802e-10
-7.817625435890818e-10
-8.073612889347714e-10
-8.308596033401727e-10
-8.521533478855758e-10
-8.711417143203448e-10
-8.877275581298250e-10
-9.018187308029724e-10
-9.133260814309097e-10
-9.221666763536973e-10
-9.282612456473771e-10
-9.315371807261386e-10
-9.319272020746894e-10
-9.293692482259530e-10
-9.238090292740253e-10
-9.151972513166129e-10
-9.034917258787800e-10
-8.886584801359732e-10
-8.706685372672496e-10
-8.495020242804685e-10
-8.251449523655197e-10
-7.975926585856996e-10
-7.668476964539650e-10
-7.329197804217813e-10
-6.958282283697770e-10
-6.555982423606110e-10
-6.122655160645252e-10
-5.658714052891867e-10
-5.164672578494844e-10
-4.641127482329921e-10
-4.088733795981625e-10
-3.508254242667874e-10
-2.900503170977231e-10
-2.266395404681987e-10
-1.606920152497082e-10
-9.231204689541528e-11
-2.161404388800747e-11
5.128314439772907e-11
1.262517868028112e-10
2.031574908301081e-10
2.818618116684490e-10
3.622169786332563e-10
4.440728618160250e-10
5.272714764803510e-10
6.116495920860388e-10
6.970419796914484e-10
7.832755000158897e-10
8.701766252006138e-10
9.575657489158118e-10
1.045259878651450e-09
1.133076313331038e-09
1.220826342795966e-09
1.308323130388978e-09
1.395374857326992e-09
1.481792480384492e-09
1.567383778322551e-09
1.651956540310584e-09
-1.651957484000155e-09
-1.567383778322551e-09
-1.481792480384492e-09
-1.395374857326992e-09
-1.308322186699407e-09
-1.220827272607750e-09
-1.133076313331038e-09
-1.045259878651450e-09
-9.575648329818165e-10
-8.701757370221941e-10
-7.832764159498851e-10
-6.970419796914484e-10
-6.116495920860388e-10
-5.272706160575069e-10
-4.440720013931809e-10
-3.622178113005248e-10
-2.818618116684490e-10
-2.031574908301081e-10
-1.262510096466940e-10
-5.128236724161184e-11
2.161326673189023e-11
9.231204689541528e-11
1.606920152497082e-10
2.266403176243159e-10
2.900510387426891e-10
3.508247026218214e-10
4.088733795981625e-10
4.641127482329921e-10
5.164679794944504e-10
5.658720714230014e-10
6.122648499307104e-10
6.555982423606110e-10
6.958282283697770e-10
7.329203910444448e-10
7.668483625877798e-10
7.975926585856996e-10
8.251449523655197e-10
8.495020242804685e-10
8.706689813564594e-10
8.886590352474855e-10
9.034917258787800e-10
9.151972513166129e-10
9.238090292740253e-10
9.293695812928604e-10
9.319275351415968e-10
9.315371807261386e-10
9.282612456473771e-10
9.221666763536973e-10
9.133263034755146e-10
9.018182867137625e-10
8.877275581298250e-10
8.711417143203448e-10
8.521533478855758e-10
8.308598253847777e-10
8.073611779124690e-10
7.817625435890818e-10
7.541705038249802e-10
7.246954147888118e-10
6.934498530952737e-10
6.605482827382048e-10
6.261074991797955e-10
5.902448529937487e-10
5.530790270213970e-10
5.147297033047948e-10
4.753163418413919e-10
4.349591797847552e-10
3.937777881546367e-10
3.518910718369739e-10
3.094169365169819e-10
2.664728437906660e-10
2.231737017410751e-10
1.796329751613257e-10
1.359630186215099e-10
9.227241193343616e-11
4.866862468588806e-11
5.254907620155791e-12
-3.786704283470499e-11
-8.059963807482973e-11
-1.228483981208228e-10
-1.645211744616404e-10
-2.055322578797814e-10
-2.457973824476767e-10
-2.852370561967632e-10
-3.237756729390640e-10
-3.613417343117931e-10
-3.978692930672878e-10
-4.332949554708421e-10
-4.675608789028729e-10
-5.006127734574761e-10
-5.324010121654510e-10
-5.628821853065347e-10
-5.920149925842111e-10
-6.197634627724824e-10
-6.460965096266591e-10
-6.709862665488231e-10
-6.944110841899942e-10
-7.163523108033587e-10
-7.367960686011088e-10
-7.557319769979642e-10
-7.731535967003822e-10
-7.890602615745479e-10
-8.034533038880909e-10
-8.163384968007392e-10
-8.277248886301436e-10
-8.376243587626675e-10
-8.460547817890074e-10
-8.530343653667671e-10
-8.585855360010441e-10
-8.627325520649265e-10
-8.655048899797180e-10
-8.669323592336298e-10
-8.670474893612834e-10
-8.658856964771644e-10
-8.634831738518756e-10
-8.598805556481182e-10
-8.551179209170812e-10
-8.492375691560028e-10
-8.422833541743557e-10
-8.342992963150664e-10
-8.253333572127985e-10
-8.154315556119229e-10
-8.046417976359521e-10
-7.930122114530036e-10
-7.805911472757998e-10
-7.674291757631124e-10
-7.535746471276639e-10
-7.390771328275036e-10
-7.239855936980177e-10
-7.083482134184749e-10
-6.922152850918906e-10
-6.756338544189333e-10
-6.586516609896620e-10
-6.413152509043840e-10
-6.236700045292309e-10
-6.057623291866321e-10
-5.876357178635772e-10
-5.693329974132411e-10
-5.508963007994083e-10
-5.323654017619361e-10
-5.137810454858283e-10
-4.951805909758633e-10
-4.766006755918539e-10
-4.580764378925295e-10
-4.396411290574775e-10
-4.213280280218612e-10
-4.031674438742527e-10
-3.851882979244436e-10
-3.674181237034446e-10
-3.498825118519733e-10
-3.326067199438398e-10
-3.156131744841417e-10
-2.989230529770737e-10
-2.825558398367178e-10
-2.665292986314682e-10
-2.508607904738724e-10
-2.355649147967043e-10
-2.206550775429861e-10
-2.061433385103228e-10
-1.920398284838143e-10
-1.783545949818333e-10
-1.650949377207667e-10
-1.522673653830964e-10
-1.398769294835844e-10
-1.279272104914853e-10
-1.164215945870239e-10
-1.053613307711032e-10
-9.474676598841825e-11
-8.457730349409331e-11
-7.485094488668409e-11
-6.556577503147309e-11
-5.671792202566195e-11
-4.830298661051557e-11
-4.031576461560604e-11
-3.275012899761620e-11
-2.559988332428986e-11
-1.885754746799861e-11
-1.251514170075296e-11
-6.563999344066929e-12
-9.956688251655521e-13
4.199529612947117e-12
9.031358993993877e-12
1.351004030869518e-11
1.764619700361791e-11
2.145023048072403e-11
2.493331235919882e-11
2.810659344154587e-11
3.098141188040415e-11
3.356938338416882e-11
3.588162406087392e-11
3.792988839679268e-11
3.972569148635863e-11
4.128060740460349e-11
4.260619634877116e-11
4.371359177413048e-11
4.461419775281250e-11
4.531912345395739e-11
4.583942253555406e-11
4.618595089711519e-11
4.636910300170882e-11
4.639940862083414e-11
4.628699507014389e-11
4.604180925404933e-11
4.567358297125068e-11
4.519151719506453e-11
4.460480595991356e-11
4.392227727356701e-11
4.315242954633369e-11
4.230354781753487e-11
4.138338630110816e-11
4.039961420954086e-11
3.935949656475035e-11
3.826999654676921e-11
3.713781539238514e-11
3.596915647274823e-11
3.477008958530092e-11
3.354631676610875e-11
3.230321912739420e-11
3.104594185898701e-11
2.977915483648452e-11
2.850740737220248e-11
2.723488014971798e-11
2.596550231770411e-11
2.470294541839779e-11
2.345048807916861e-11
2.221129183355153e-11
2.098819815860020e-11
1.978381347633729e-11
1.860053864405353e-11
1.744045359519664e-11
1.630551162840055e-11
1.519741884420389e-11
1.411768705411598e-11
1.306765503097940e-11
1.204840307383881e-11
1.106091520458596e-11
1.010598636025373e-11
9.184268796869066e-12
8.296210506769652e-12
7.442177950289786e-12
6.622393605715260e-12
5.836948546028564e-12
5.085844072272305e-12
4.368924493014514e-12
3.685983809842419e-12
3.036711290413385e-12
2.420710333572718e-12
1.837521888120586e-12
1.286584554172077e-12
7.673063573410133e-13
2.790320058343454e-13
-1.789467012069945e-13
-6.073713580689866e-13
-1.007051646934043e-12
-1.378799201548486e-12
-1.723466204819890e-12
-2.041922837411891e-12
-2.335058795627232e-12
-2.603791965025137e-12
-2.849032858590062e-12
-3.071707384977307e-12
-3.272741127581524e-12
-3.453055766669544e-12
-3.613588161338610e-12
-3.755248390892307e-12
-3.878948594618348e-12
-3.985586817176201e-12
-4.076045924394922e-12
-4.151205366866723e-12
-4.211916026456569e-12
-4.259014419350643e-12
-4.293318305037541e-12
-4.315622078449044e-12
-4.326706527779667e-12
-4.327320782520488e-12
-4.318193968632505e-12
-4.300032118570440e-12
-4.273512858692097e-12
-4.239296739171061e-12
-4.198012326216832e-12
-4.150265472003395e-12
-4.096636034957649e-12
-4.037677527393702e-12
-3.973923403885471e-12
-3.905876192139904e-12
-3.834016790030606e-12
-3.758800996150891e-12
-3.680659862179483e-12
-3.600003717981089e-12
-3.517217428221885e-12
-3.432663685633622e-12
-3.346683566667237e-12
-3.259596192679674e-12
-3.171702063855565e-12
-3.083279318709733e-12
-2.994587474584691e-12
-2.905867454755691e-12
-2.817341371590294e-12
-2.729215711392251e-12
-2.641678623896068e-12
-2.554903059677049e-12
-2.469046417785583e-12
-2.384251264031089e-12
-2.300647492610094e-12
-2.218350645592868e-12
-2.137463952578758e-12
-2.058078777929587e-12
-1.980275972634235e-12
-1.904124820599658e-12
-1.829685183338302e-12
-1.757007394936026e-12
-1.686132875303951e-12
-1.617095458326121e-12
-1.549920646470512e-12
-1.484627050745042e-12
-1.421226682076903e-12
-1.359725293513872e-12
-1.300123405134179e-12
-1.242415890694427e-12
-1.186593021174184e-12
-1.132640735826526e-12
-1.080540881041327e-12
-1.030272026885022e-12
-9.818092367076424e-13
-9.351247735682987e-13
-8.901883577331921e-13
-8.469673428584696e-13
-8.054272945137264e-13
-7.655318910791513e-13
-7.272433735200216e-13
-6.905227901792248e-13
-6.553301026563773e-13
-6.216246000069351e-13
-5.893648098037347e-13
-5.585088619376440e-13
-5.290146004259110e-13
-5.008397049613921e-13
-4.739419441754031e-13
-4.482791142278305e-13
-4.238092891053677e-13
-4.004908854195351e-13
-3.782827403337114e-13
-3.571442604291742e-13
-3.370353988352103e-13
-3.179167932954860e-13
-2.997497947554092e-13
-2.824965291955349e-13
-2.661199683588153e-13
-2.505839073042279e-13
-2.358530446631464e-13
-2.218929903685166e-13
-2.086702861954056e-13
-1.961524485361653e-13
-1.843079373778508e-13
-1.731061907129340e-13
-1.625176210452925e-13
-1.525136158137265e-13
-1.430665503092106e-13
-1.341497527877247e-13
-1.257375164875340e-13
-1.178050824767715e-13
-1.103286279008562e-13
-1.032852606355972e-13
-9.665298598821162e-14
-9.041070045045580e-14
-8.453816798170341e-14
-7.901600952691247e-14
-7.382566850003275e-14
-6.894939961375884e-14
-6.437024238328073e-14
-6.007199820345470e-14
-5.603921306403719e-14
-5.225714628887518e-14
-4.871175187471146e-14
-4.538965536983224e-14
-4.227812814544134e-14
-3.936506864182134e-14
-3.663897393979028e-14
-3.408892010689033e-14
-3.170453987012868e-14
-2.947599893875969e-14
-2.739397721074138e-14
-2.544964391761237e-14
-2.363463906917639e-14
-2.194105237694025e-14
-2.036140369294676e-14
-1.888862461989531e-14
-1.751603790441846e-14
-1.623734057252363e-14
-1.504658600624356e-14
-1.393816656291729e-14
-1.290679862638214e-14
-1.194750441561768e-14
-1.105559834950047e-14
-1.022667172411047e-14
-9.456578433939222e-15
-8.741422054637471e-15
-8.077541888478194e-15
-7.461500803147247e-15
-6.890073340194879e-15
-6.360234106383011e-15
-5.869147086511725e-15
-5.414154642744298e-15
-4.992767906904385e-15
-4.602657181045012e-15
-4.241642845079283e-15
-3.907686799596942e-15
-3.598884135328423e-15
-3.313455386598418e-15
-3.049739201264872e-15
-2.806185236891890e-15
-2.581347700055555e-15
-2.373878823197625e-15
-2.182523083046635e-15
-2.006111537325836e-15
-1.843556571742717e-15
-1.693846912710293e-15
-1.556042872299355e-15
-1.429271986308308e-15
-1.312724872983427e-15
-1.205651320247774e-15
-1.107356707731450e-15
-1.017198546364903e-15
-9.345833591842394e-16
-8.589637322255385e-16
-7.898355927904490e-16
-7.267357259397957e-16
-6.692394105147869e-16
-6.169583558383737e-16
-5.695387681288697e-16
-5.266596304295654e-16
-4.880311852492926e-16
-4.533935554972468e-16
-4.225156148127643e-16
-3.951940069944045e-16
-3.712523867773954e-16
-3.505408229452724e-16
-3.329354371362948e-16
-3.183382404235756e-16
-3.066771887103333e-16
-2.979064848576106e-16
-2.920071097083782e-16
-2.889876382692301e-16
-2.888853346519458e-16
-2.917675613436842e-16
-2.977335327006357e-16
-3.069164333317214e-16
-3.194859589260163e-16
-3.356513079388425e-16
-3.556646809922757e-16
-3.798253466940375e-16
-4.084843313185919e-16
-4.420498213886817e-16
-4.809933525243495e-16
-5.258568889813013e-16
-5.772609042199831e-16
-6.359135849604125e-16
-7.026213107915203e-16
-7.783005662472869e-16
-8.639914758306269e-16
-9.608731733635976e-16
-1.070281245967974e-15
-1.193727529313182e-15
-1.332922565287195e-15
-1.489801077322486e-15
-1.666550868325537e-15
-1.865645599872694e-15
-2.089881977922348e-15
-2.342421939075451e-15
-2.626840516305775e-15
-2.947180156543861e-15
-3.308012368216938e-15
-3.714507701860876e-15
-4.172515203804832e-15
-4.688652643403152e-15
-5.270408996169425e-15
-5.926260871697003e-15
-6.665804813679438e-15
-7.499907668738206e-15
-8.440877531129268e-15
-9.502658123640251e-15
-1.070104987901509e-14
-1.205396144937137e-14
-1.358169589876340e-14
-1.530727643976017e-14
-1.725681726671345e-14
-1.945994583064789e-14
-2.195028380799797e-14
-2.476599505373743e-14
-2.795041001929249e-14
-3.155273747851947e-14
-3.562887596676197e-14
-4.024233912833566e-14
-4.546531121995408e-14
-5.137985137128395e-14
-5.807926790319785e-14
-6.566968710156552e-14
-7.427184439837610e-14
-8.402312999154347e-14
-9.507992561839143e-14
-1.076202745763004e-13
