0.000000000000000e+00
-2.699132777635467e-14
-5.440347324603441e-14
-8.266053651109949e-14
-1.121960929938609e-13
-1.434597176594285e-13
-1.769236420069862e-13
-2.130896408731663e-13
-2.524962470190921e-13
-2.957263937987252e-13
-3.434155899152343e-13
-3.962607353692238e-13
-4.550296942119165e-13
-5.205717476804546e-13
-5.938290607723411e-13
-6.758493063910164e-13
-7.677996039625123e-13
-8.709819440010004e-13
-9.868502866254707e-13
-1.117029540658039e-12
-1.263336650845546e-12
-1.427804044142284e-12
-1.612705712099714e-12
-1.820586235482122e-12
-2.054293089547101e-12
-2.317012604308936e-12
-2.612309993887221e-12
-2.944173913114206e-12
-3.317066048353437e-12
-3.735976303432874e-12
-4.206484201227890e-12
-4.734827187303552e-12
-5.327976594757043e-12
-5.993722109664654e-12
-6.740765665074123e-12
-7.578825789103151e-12
-8.518753540297038e-12
-9.572661281935258e-12
-1.075406567752221e-11
-1.207804643341507e-11
-1.356142247270375e-11
-1.522294739845386e-11
-1.708352629577210e-11
-1.916645613251100e-11
-2.149769224960594e-11
-2.410614368600425e-11
-2.702400036205623e-11
-3.028709545143504e-11
-3.393530660769350e-11
-3.801300008023271e-11
-4.256952215878068e-11
-4.765974282875719e-11
-5.334465700571977e-11
-5.969204924934887e-11
-6.677722844037652e-11
-7.468383954210177e-11
-8.350476026667339e-11
-9.334309123058995e-11
-1.043132490197676e-10
-1.165421724984586e-10
-1.301706536952029e-10
-1.453548056903921e-10
-1.622676811220646e-10
-1.811010562280630e-10
-2.020673967632396e-10
-2.254020236803235e-10
-2.513654981535724e-10
-2.802462473675209e-10
-3.123634545020882e-10
-3.480702385341675e-10
-3.877571518598450e-10
-4.318560263370883e-10
-4.808442011738763e-10
-5.352491691605208e-10
-5.956536810880325e-10
-6.627013518291231e-10
-7.371028155088253e-10
-8.196424814836310e-10
-9.111859475093491e-10
-1.012688131538504e-09
-1.125202189080293e-09
-1.249889289014509e-09
-1.388029327212612e-09
-1.541032664324333e-09
-1.710452981679672e-09
-1.898001357479942e-09
-2.105561674357098e-09
-2.335207479020753e-09
-2.589220425143954e-09
-2.870110441922538e-09
-3.180637782943926e-09
-3.523837123189056e-09
-3.903043886240288e-09
-4.321922999158149e-09
-4.784500289105701e-09
-5.295196753732103e-09
-5.858865956673251e-09
-6.480834820391142e-09
-7.166948111064595e-09
-7.923616934480220e-09
-8.757871587979178e-09
-9.677419141625480e-09
-1.069070615201784e-08
-1.180698694471987e-08
-1.303639793629347e-08
-1.439003850455847e-08
-1.588005895614860e-08
-1.751975618388213e-08
-1.932367765311964e-08
-2.130773440635644e-08
-2.348932382902351e-08
-2.588746297709076e-08
-2.852293332883604e-08
-3.141843788933647e-08
-3.459877164713972e-08
-3.809100645848848e-08
-4.192469151571933e-08
-4.613207064337804e-08
-5.074831775854207e-08
-5.581179193119425e-08
-6.136431358664663e-08
-6.745146350538391e-08
-7.412290639672405e-08
-8.143274095183751e-08
-8.943987841941216e-08
-9.820845189410516e-08
-1.078082586644200e-07
-1.183152381333456e-07
-1.298119880025788e-07
-1.423883216000371e-07
-1.561418694312918e-07
-1.711787282491885e-07
-1.876141611629641e-07
-2.055733525493560e-07
-2.251922217842764e-07
-2.466183000854080e-07
-2.700116750443596e-07
-2.955460077326930e-07
-3.234096275900573e-07
-3.538067106457859e-07
-3.869585469885758e-07
-4.231049037832718e-07
-4.625054905403443e-07
-5.054415337734460e-07
-5.522174686345465e-07
-6.031627555957102e-07
-6.586338307527634e-07
-7.190161988600840e-07
-7.847266787687806e-07
-8.562158115338464e-07
-9.339704420808015e-07
-1.018516485980158e-06
-1.110421893570136e-06
-1.210299824395777e-06
-1.318812045697361e-06
-1.436672569484248e-06
-1.564651543573362e-06
-1.703579412856016e-06
-1.854351367984038e-06
-2.017932099637784e-06
-2.195360877555978e-06
-2.387756974572038e-06
-2.596325457014948e-06
-2.822363363996484e-06
-3.067266299322008e-06
-3.332535461030632e-06
-3.619785134893781e-06
-3.930750679580335e-06
-4.267297032633071e-06
-4.631427767896302e-06
-5.025294736589661e-06
-5.451208325839132e-06
-5.911648370154829e-06
-6.409275753086497e-06
-6.946944738093527e-06
-7.527716069536941e-06
-8.154870886637181e-06
-8.831925495244239e-06
-9.562647044336008e-06
-1.035107015629698e-05
-1.120151456223295e-05
-1.211860379584763e-05
-1.310728500174425e-05
-1.417284991641821e-05
-1.532095708267597e-05
-1.655765536074785e-05
-1.788940880195898e-05
-1.932312295348026e-05
-2.086617266539849e-05
-2.252643147411976e-05
-2.431230263894959e-05
-2.623275191157506e-05
-2.829734212110390e-05
-3.051626966029042e-05
-3.290040296159321e-05
-3.546132305476056e-05
-3.821136630072110e-05
-4.116366939966354e-05
-4.433221677431459e-05
-4.773189043256070e-05
-5.137852241670083e-05
-5.528894994975490e-05
-5.948107339237801e-05
-6.397391712703428e-05
-6.878769348915597e-05
-7.394386986804421e-05
-7.946523910324286e-05
-8.537599330502766e-05
-9.170180123048395e-05
-9.846988934938508e-05
-1.057091267367143e-04
-1.134501139311826e-04
-1.217252759014644e-04
-1.305689592640864e-04
-1.400175338989472e-04
-1.501094991102885e-04
-1.608855944825791e-04
-1.723889155821701e-04
-1.846650346567297e-04
-1.977621264853353e-04
-2.117310995326722e-04
-2.266257325610323e-04
-2.425028168537039e-04
-2.594223042028651e-04
-2.774474608142117e-04
-2.966450272792410e-04
-3.170853847643444e-04
-3.388427275636076e-04
-3.619952421594440e-04
-3.866252929318698e-04
-4.128196146533304e-04
-4.406695119014837e-04
-4.702710655171930e-04
-5.017253462291603e-04
-5.351386355601025e-04
-5.706226541220929e-04
-6.082947974006510e-04
-6.482783791183038e-04
-6.907028822586461e-04
-7.357042178213554e-04
-7.834249913671322e-04
-8.340147773991194e-04
-8.876304016139478e-04
-9.444362310411608e-04
-1.004604472074315e-03
-1.068315476380557e-03
-1.135758054657859e-03
-1.207129798190358e-03
-1.282637408132360e-03
-1.362497032430509e-03
-1.446934610271329e-03
-1.536186223917888e-03
-1.630498457774560e-03
-1.730128764492885e-03
-1.835345837904257e-03
-1.946429992536582e-03
-2.063673549442219e-03
-2.187381228033333e-03
-2.317870543588336e-03
-2.455472210059314e-03
-2.600530547775260e-03
-2.753403895599582e-03
-2.914465027062716e-03
-3.084101569951757e-03
-3.262716428798916e-03
-3.450728209669238e-03
-3.648571646605523e-03
-3.856698029044710e-03
-4.075575629475262e-03
-4.305690130559290e-03
-4.547545050896354e-03
-4.801662168558223e-03
-5.068581941475283e-03
-5.348863923705980e-03
-5.643087176570629e-03
-5.951850673580317e-03
-6.275773698040477e-03
-6.615496232157157e-03
-6.971679336422181e-03
-7.345005518001430e-03
-7.736179086798332e-03
-8.145926497812792e-03
-8.574996678364012e-03
-9.024161338694272e-03
-9.494215264420031e-03
-9.985976589246520e-03
-1.050028704631282e-02
-1.103801219648624e-02
-1.160004163187793e-02
-1.218728915280609e-02
-1.280069291638941e-02
-1.344121555491136e-02
-1.410984426205598e-02
-1.480759084507816e-02
-1.553549174093650e-02
-1.629460799438404e-02
-1.708602519598316e-02
-1.791085337798447e-02
-1.877022686598693e-02
-1.966530408427727e-02
-2.059726731273200e-02
-2.156732239315397e-02
-2.257669838290955e-02
-2.362664715373047e-02
-2.471844293354776e-02
-2.585338178923384e-02
-2.703278104814256e-02
-2.825797865635698e-02
-2.953033247158007e-02
-3.085121948863553e-02
-3.222203499558425e-02
-3.364419165850675e-02
-3.511911853305397e-02
-3.664826000092757e-02
-3.823307462951721e-02
-3.987503395299585e-02
-4.157562117325575e-02
-4.333632977915686e-02
-4.515866208265614e-02
-4.704412767049245e-02
-4.899424177021414e-02
-5.101052352945905e-02
-5.309449420752622e-02
-5.524767527841788e-02
-5.747158644467670e-02
-5.976774356149977e-02
-6.213765647077397e-02
-6.458282674485097e-02
-6.710474534006021e-02
-6.970489016014829e-02
-7.238472353003002e-02
-7.514568958044239e-02
-7.798921154430635e-02
-8.091668896582145e-02
-8.392949482354814e-02
-8.702897256896726e-02
-9.021643308224953e-02
-9.349315154721627e-02
-9.686036424772859e-02
-1.003192652880027e-01
-1.038710032396154e-01
-1.075166777182356e-01
-1.112573358933929e-01
-1.150939689348724e-01
-1.190275083996109e-01
-1.230588225632502e-01
-1.271887127007953e-01
-1.314179093211098e-01
-1.357470683602733e-01
-1.401767673391117e-01
-1.447075014905024e-01
-1.493396798623414e-01
-1.540736214023439e-01
-1.589095510311297e-01
-1.638475957103248e-01
-1.688877805126775e-01
-1.740300247014571e-01
-1.792741378266605e-01
-1.846198158458011e-01
-1.900666372773006e-01
-1.956140593947347e-01
-2.012614144704030e-01
-2.070079060769088e-01
-2.128526054556278e-01
-2.187944479611292e-01
-2.248322295907839e-01
-2.309646036089446e-01
-2.371900772752238e-01
-2.435070086865104e-01
-2.499136037424716e-01
-2.564079132443641e-01
-2.629878301370434e-01
-2.696510869040990e-01
-2.763952531260602e-01
-2.832177332116171e-01
-2.901157643117694e-01
-2.970864144267656e-01
-3.041265807156196e-01
-3.112329880178862e-01
-3.184021875972531e-01
-3.256305561163477e-01
-3.329142948519781e-01
-3.402494291598187e-01
-3.476318081973113e-01
-3.550571049132898e-01
-3.625208163125445e-01
-3.700182640032167e-01
-3.775445950345699e-01
-3.850947830323022e-01
-3.926636296381600e-01
-4.002457662601807e-01
-4.078356561394271e-01
-4.154275967385934e-01
-4.230157224573402e-01
-4.305940076786831e-01
-4.381562701501841e-01
-4.456961747031104e-01
-4.532072373121068e-01
-4.606828294972892e-01
-4.681161830700076e-01
-4.755003952228488e-01
-4.828284339637401e-01
-4.900931438933085e-01
-4.972872523239045e-01
-5.044033757379536e-01
-5.114340265825320e-01
-5.183716203962885e-01
-5.252084832640402e-01
-5.319368595935865e-01
-5.385489202084668e-01
-5.450367707495903e-01
-5.513924603778548e-01
-5.576079907690501e-01
-5.636753253915452e-01
-5.695863990564349e-01
-5.753331277290350e-01
-5.809074185898065e-01
-5.863011803320166e-01
-5.915063336826626e-01
-5.965148221324317e-01
-6.013186228597283e-01
-6.059097578330739e-01
-6.102803050754897e-01
-6.144224100737862e-01
-6.183282973150422e-01
-6.219902819319223e-01
-6.254007814378916e-01
-6.285523275328287e-01
-6.314375779590043e-01
-6.340493283869071e-01
-6.363805243099402e-01
-6.384242729266122e-01
-6.401738549884584e-01
-6.416227365916173e-01
-6.427645808897027e-01
-6.435932597053715e-01
-6.441028650178138e-01
-6.442877203032469e-01
-6.441423917054165e-01
-6.436616990130740e-01
-6.428407264214204e-01
-6.416748330545829e-01
-6.401596632263179e-01
-6.382911564163213e-01
-6.360655569397649e-01
-6.334794232879740e-01
-6.305296371185152e-01
-6.272134118733633e-01
-6.235283010042908e-01
-6.194722057851280e-01
-6.150433826911262e-01
-6.102404503262722e-01
-6.050623958800866e-01
-5.995085810961720e-01
-5.935787477355485e-01
-5.872730225186564e-01
-5.805919215307753e-01
-5.735363540765384e-01
-5.661076259701869e-01
-5.583074422492212e-01
-5.501379093001579e-01
-5.416015363861852e-01
-5.327012365676425e-01
-5.234403270073978e-01
-5.138225286543916e-01
-5.038519652998248e-01
-4.935331620017147e-01
-4.828710428747978e-01
-4.718709282440443e-01
-4.605385311613399e-01
-4.488799532862050e-01
-4.369016801327301e-01
-4.246105756862386e-01
-4.120138763945068e-01
-3.991191845396990e-01
-3.859344609984945e-01
-3.724680173991970e-01
-3.587285076859149e-01
-3.447249191011932e-01
-3.304665625997398e-01
-3.159630627071413e-01
-3.012243468386804e-01
-2.862606340945683e-01
-2.710824235490601e-01
-2.557004820520565e-01
-2.401258315628823e-01
-2.243697360369830e-01
-2.084436878872905e-01
-1.923593940429653e-01
-1.761287616291392e-01
-1.597638832921396e-01
-1.432770221954865e-01
-1.266805967127026e-01
-1.099871648436692e-01
-9.320940838189753e-02
-7.636011686065021e-02
-5.945217130636180e-02
-4.249852782824592e-02
-2.551220107335565e-02
-8.506247576673370e-03
8.506247576673370e-03
2.551220107335565e-02
4.249852782824592e-02
5.945217130636180e-02
7.636011686065021e-02
9.320940838189753e-02
1.099871648436692e-01
1.266805967127026e-01
1.432770221954865e-01
1.597638832921396e-01
1.761287616291392e-01
1.923593940429653e-01
2.084436878872905e-01
2.243697360369830e-01
2.401258315628823e-01
2.557004820520565e-01
2.710824235490601e-01
2.862606340945683e-01
3.012243468386804e-01
3.159630627071413e-01
3.304665625997398e-01
3.447249191011932e-01
3.587285076859149e-01
3.724680173991970e-01
3.859344609984945e-01
3.991191845396990e-01
4.120138763945068e-01
4.246105756862386e-01
4.369016801327301e-01
4.488799532862050e-01
4.605385311613399e-01
4.718709282440443e-01
4.828710428747978e-01
4.935331620017147e-01
5.038519652998248e-01
5.138225286543916e-01
5.234403270073978e-01
5.327012365676425e-01
5.416015363861852e-01
5.501379093001579e-01
5.583074422492212e-01
5.661076259701869e-01
5.735363540765384e-01
5.805919215307753e-01
5.872730225186564e-01
5.935787477355485e-01
5.995085810961720e-01
6.050623958800866e-01
6.102404503262722e-01
6.150433826911262e-01
6.194722057851280e-01
6.235283010042908e-01
6.272134118733633e-01
6.305296371185152e-01
6.334794232879740e-01
6.360655569397649e-01
6.382911564163213e-01
6.401596632263179e-01
6.416748330545829e-01
6.428407264214204e-01
6.436616990130740e-01
6.441423917054165e-01
6.442877203032469e-01
6.441028650178138e-01
6.435932597053715e-01
6.427645808897027e-01
6.416227365916173e-01
6.401738549884584e-01
6.384242729266122e-01
6.363805243099402e-01
6.340493283869071e-01
6.314375779590043e-01
6.285523275328287e-01
6.254007814378916e-01
6.219902819319223e-01
6.183282973150422e-01
6.144224100737862e-01
6.102803050754897e-01
6.059097578330739e-01
6.013186228597283e-01
5.965148221324317e-01
5.915063336826626e-01
5.863011803320166e-01
5.809074185898065e-01
5.753331277290350e-01
5.695863990564349e-01
5.636753253915452e-01
5.576079907690501e-01
5.513924603778548e-01
5.450367707495903e-01
5.385489202084668e-01
5.319368595935865e-01
5.252084832640402e-01
5.183716203962885e-01
5.114340265825320e-01
5.044033757379536e-01
4.972872523239045e-01
4.900931438933085e-01
4.828284339637401e-01
4.755003952228488e-01
4.681161830700076e-01
4.606828294972892e-01
4.532072373121068e-01
4.456961747031104e-01
4.381562701501841e-01
4.305940076786831e-01
4.230157224573402e-01
4.154275967385934e-01
4.078356561394271e-01
4.002457662601807e-01
3.926636296381600e-01
3.850947830323022e-01
3.775445950345699e-01
3.700182640032167e-01
3.625208163125445e-01
3.550571049132898e-01
3.476318081973113e-01
3.402494291598187e-01
3.329142948519781e-01
3.256305561163477e-01
3.184021875972531e-01
3.112329880178862e-01
3.041265807156196e-01
2.970864144267656e-01
2.901157643117694e-01
2.832177332116171e-01
2.763952531260602e-01
2.696510869040990e-01
2.629878301370434e-01
2.564079132443641e-01
2.499136037424716e-01
2.435070086865104e-01
2.371900772752238e-01
2.309646036089446e-01
2.248322295907839e-01
2.187944479611292e-01
2.128526054556278e-01
2.070079060769088e-01
2.012614144704030e-01
1.956140593947347e-01
1.900666372773006e-01
1.846198158458011e-01
1.792741378266605e-01
1.740300247014571e-01
1.688877805126775e-01
1.638475957103248e-01
1.589095510311297e-01
1.540736214023439e-01
1.493396798623414e-01
1.447075014905024e-01
1.401767673391117e-01
1.357470683602733e-01
1.314179093211098e-01
1.271887127007953e-01
1.230588225632502e-01
1.190275083996109e-01
1.150939689348724e-01
1.112573358933929e-01
1.075166777182356e-01
1.038710032396154e-01
1.003192652880027e-01
9.686036424772859e-02
9.349315154721627e-02
9.021643308224953e-02
8.702897256896726e-02
8.392949482354814e-02
8.091668896582145e-02
7.798921154430635e-02
7.514568958044239e-02
7.238472353003002e-02
6.970489016014829e-02
6.710474534006021e-02
6.458282674485097e-02
6.213765647077397e-02
5.976774356149977e-02
5.747158644467670e-02
5.524767527841788e-02
5.309449420752622e-02
5.101052352945905e-02
4.899424177021414e-02
4.704412767049245e-02
4.515866208265614e-02
4.333632977915686e-02
4.157562117325575e-02
3.987503395299585e-02
3.823307462951721e-02
3.664826000092757e-02
3.511911853305397e-02
3.364419165850675e-02
3.222203499558425e-02
3.085121948863553e-02
2.953033247158007e-02
2.825797865635698e-02
2.703278104814256e-02
2.585338178923384e-02
2.471844293354776e-02
2.362664715373047e-02
2.257669838290955e-02
2.156732239315397e-02
2.059726731273200e-02
1.966530408427727e-02
1.877022686598693e-02
1.791085337798447e-02
1.708602519598316e-02
1.629460799438404e-02
1.553549174093650e-02
1.480759084507816e-02
1.410984426205598e-02
1.344121555491136e-02
1.280069291638941e-02
1.218728915280609e-02
1.160004163187793e-02
1.103801219648624e-02
1.050028704631282e-02
9.985976589246520e-03
9.494215264420031e-03
9.024161338694272e-03
8.574996678364012e-03
8.145926497812792e-03
7.736179086798332e-03
7.345005518001430e-03
6.971679336422181e-03
6.615496232157157e-03
6.275773698040477e-03
5.951850673580317e-03
5.643087176570629e-03
5.348863923705980e-03
5.068581941475283e-03
4.801662168558223e-03
4.547545050896354e-03
4.305690130559290e-03
4.075575629475262e-03
3.856698029044710e-03
3.648571646605523e-03
3.450728209669238e-03
3.262716428798916e-03
3.084101569951757e-03
2.914465027062716e-03
2.753403895599582e-03
2.600530547775260e-03
2.455472210059314e-03
2.317870543588336e-03
2.187381228033333e-03
2.063673549442219e-03
1.946429992536582e-03
1.835345837904257e-03
1.730128764492885e-03
1.630498457774560e-03
1.536186223917888e-03
1.446934610271329e-03
1.362497032430509e-03
1.282637408132360e-03
1.207129798190358e-03
1.135758054657859e-03
1.068315476380557e-03
1.004604472074315e-03
9.444362310411608e-04
8.876304016139478e-04
8.340147773991194e-04
7.834249913671322e-04
7.357042178213554e-04
6.907028822586461e-04
6.482783791183038e-04
6.082947974006510e-04
5.706226541220929e-04
5.351386355601025e-04
5.017253462291603e-04
4.702710655171930e-04
4.406695119014837e-04
4.128196146533304e-04
3.866252929318698e-04
3.619952421594440e-04
3.388427275636076e-04
3.170853847643444e-04
2.966450272792410e-04
2.774474608142117e-04
2.594223042028651e-04
2.425028168537039e-04
2.266257325610323e-04
2.117310995326722e-04
1.977621264853353e-04
1.846650346567297e-04
1.723889155821701e-04
1.608855944825791e-04
1.501094991102885e-04
1.400175338989472e-04
1.305689592640864e-04
1.217252759014644e-04
1.134501139311826e-04
1.057091267367143e-04
9.846988934938508e-05
9.170180123048395e-05
8.537599330502766e-05
7.946523910324286e-05
7.394386986804421e-05
6.878769348915597e-05
6.397391712703428e-05
5.948107339237801e-05
5.528894994975490e-05
5.137852241670083e-05
4.773189043256070e-05
4.433221677431459e-05
4.116366939966354e-05
3.821136630072110e-05
3.546132305476056e-05
3.290040296159321e-05
3.051626966029042e-05
2.829734212110390e-05
2.623275191157506e-05
2.431230263894959e-05
2.252643147411976e-05
2.086617266539849e-05
1.932312295348026e-05
1.788940880195898e-05
1.655765536074785e-05
1.532095708267597e-05
1.417284991641821e-05
1.310728500174425e-05
1.211860379584763e-05
1.120151456223295e-05
1.035107015629698e-05
9.562647044336008e-06
8.831925495244239e-06
8.154870886637181e-06
7.527716069536941e-06
6.946944738093527e-06
6.409275753086497e-06
5.911648370154829e-06
5.451208325839132e-06
5.025294736589661e-06
4.631427767896302e-06
4.267297032633071e-06
3.930750679580335e-06
3.619785134893781e-06
3.332535461030632e-06
3.067266299322008e-06
2.822363363996484e-06
2.596325457014948e-06
2.387756974572038e-06
2.195360877555978e-06
2.017932099637784e-06
1.854351367984038e-06
1.703579412856016e-06
1.564651543573362e-06
1.436672569484248e-06
1.318812045697361e-06
1.210299824395777e-06
1.110421893570136e-06
1.018516485980158e-06
9.339704420808015e-07
8.562158115338464e-07
7.847266787687806e-07
7.190161988600840e-07
6.586338307527634e-07
6.031627555957102e-07
5.522174686345465e-07
5.054415337734460e-07
4.625054905403443e-07
4.231049037832718e-07
3.869585469885758e-07
3.538067106457859e-07
3.234096275900573e-07
2.955460077326930e-07
2.700116750443596e-07
2.466183000854080e-07
2.251922217842764e-07
2.055733525493560e-07
1.876141611629641e-07
1.711787282491885e-07
1.561418694312918e-07
1.423883216000371e-07
1.298119880025788e-07
1.183152381333456e-07
1.078082586644200e-07
9.820845189410516e-08
8.943987841941216e-08
8.143274095183751e-08
7.412290639672405e-08
6.745146350538391e-08
6.136431358664663e-08
5.581179193119425e-08
5.074831775854207e-08
4.613207064337804e-08
4.192469151571933e-08
3.809100645848848e-08
3.459877164713972e-08
3.141843788933647e-08
2.852293332883604e-08
2.588746297709076e-08
2.348932382902351e-08
2.130773440635644e-08
1.932367765311964e-08
1.751975618388213e-08
1.588005895614860e-08
1.439003850455847e-08
1.303639793629347e-08
1.180698694471987e-08
1.069070615201784e-08
9.677419141625480e-09
8.757871587979178e-09
7.923616934480220e-09
7.166948111064595e-09
6.480834820391142e-09
5.858865956673251e-09
5.295196753732103e-09
4.784500289105701e-09
4.321922999158149e-09
3.903043886240288e-09
3.523837123189056e-09
3.180637782943926e-09
2.870110441922538e-09
2.589220425143954e-09
2.335207479020753e-09
2.105561674357098e-09
1.898001357479942e-09
1.710452981679672e-09
1.541032664324333e-09
1.388029327212612e-09
1.249889289014509e-09
1.125202189080293e-09
1.012688131538504e-09
9.111859475093491e-10
8.196424814836310e-10
7.371028155088253e-10
6.627013518291231e-10
5.956536810880325e-10
5.352491691605208e-10
4.808442011738763e-10
4.318560263370883e-10
3.877571518598450e-10
3.480702385341675e-10
3.123634545020882e-10
2.802462473675209e-10
2.513654981535724e-10
2.254020236803235e-10
2.020673967632396e-10
1.811010562280630e-10
1.622676811220646e-10
1.453548056903921e-10
1.301706536952029e-10
1.165421724984586e-10
1.043132490197676e-10
9.334309123058995e-11
8.350476026667339e-11
7.468383954210177e-11
6.677722844037652e-11
5.969204924934887e-11
5.334465700571977e-11
4.765974282875719e-11
4.256952215878068e-11
3.801300008023271e-11
3.393530660769350e-11
3.028709545143504e-11
2.702400036205623e-11
2.410614368600425e-11
2.149769224960594e-11
1.916645613251100e-11
1.708352629577210e-11
1.522294739845386e-11
1.356142247270375e-11
1.207804643341507e-11
1.075406567752221e-11
9.572661281935258e-12
8.518753540297038e-12
7.578825789103151e-12
6.740765665074123e-12
5.993722109664654e-12
5.327976594757043e-12
4.734827187303552e-12
4.206484201227890e-12
3.735976303432874e-12
3.317066048353437e-12
2.944173913114206e-12
2.612309993887221e-12
2.317012604308936e-12
2.054293089547101e-12
1.820586235482122e-12
1.612705712099714e-12
1.427804044142284e-12
1.263336650845546e-12
1.117029540658039e-12
9.868502866254707e-13
8.709819440010004e-13
7.677996039625123e-13
6.758493063910164e-13
5.938290607723411e-13
5.205717476804546e-13
4.550296942119165e-13
3.962607353692238e-13
3.434155899152343e-13
2.957263937987252e-13
2.524962470190921e-13
2.130896408731663e-13
1.769236420069862e-13
1.434597176594285e-13
1.121960929938609e-13
8.266053651109949e-14
5.440347324603441e-14
2.699132777635467e-14
0.000000000000000e+00
