0.000000000000000e+00
2.424748773127808e-15
4.888548676485439e-15
7.430785137768174e-15
1.009177413497920e-14
1.291338957730590e-14
1.593970490868298e-14
1.921765860994777e-14
2.279775340385697e-14
2.673479924005091e-14
3.108871055358018e-14
3.592536885223172e-14
4.131756239803631e-14
4.734601561245031e-14
5.410052186022538e-14
6.168119446338165e-14
7.019985217551593e-14
7.978155692158631e-14
9.056632339523062e-14
1.027110221228724e-13
1.163914998721259e-13
1.318049438247957e-13
1.491725187784217e-13
1.687423098143072e-13
1.907926064071191e-13
2.156355678879548e-13
2.436213145497091e-13
2.751424935454718e-13
3.106393741270924e-13
3.506055327567200e-13
3.955941952594374e-13
4.462253105366673e-13
5.031934385011594e-13
5.672765439058467e-13
6.393457977095065e-13
7.203764986496952e-13
8.114602398852205e-13
9.138184590444285e-13
1.028817524901381e-12
1.157985530341744e-12
1.303030979429955e-12
1.465863576420005e-12
1.648617346651718e-12
1.853676343648104e-12
2.083703223602624e-12
2.341670998064583e-12
2.630898308266327e-12
2.955088600483072e-12
3.318373621398022e-12
3.725361696015650e-12
4.181191298610674e-12
4.691590479941743e-12
5.262942771958205e-12
5.902360254988992e-12
6.617764542474499e-12
7.417976515284702e-12
8.312815722214084e-12
9.313210456069220e-12
1.043131961664553e-11
1.168066758367269e-11
1.307629344541600e-11
1.463491606305776e-11
1.637511659834153e-11
1.831754029343255e-11
2.048511946882188e-11
2.290331989878675e-11
2.560041293594273e-11
2.860777598844410e-11
3.196022420720946e-11
3.569637651812697e-11
3.985905943764989e-11
4.449575244183092e-11
4.965907902115969e-11
5.540734794926806e-11
6.180514972558289e-11
6.892401362351140e-11
7.684313129017824e-11
8.565015340481209e-11
9.544206651463132e-11
1.063261578338492e-10
1.184210765179150e-10
1.318580007164089e-10
1.467819205696011e-10
1.633530482515006e-10
1.817483671826381e-10
2.021633336457658e-10
2.248137452445335e-10
2.499377919570466e-10
2.777983069616566e-10
3.086852359606847e-10
3.429183454090513e-10
3.808501918797482e-10
4.228693767783490e-10
4.694041127667651e-10
5.209261305856147e-10
5.779549574892806e-10
6.410626012434415e-10
7.108786765981482e-10
7.880960143582103e-10
8.734767966458168e-10
9.678592657084253e-10
1.072165057689939e-09
1.187407217178538e-09
1.314698953095378e-09
1.455263201621670e-09
1.610443067406103e-09
1.781713220281074e-09
1.970692331177490e-09
2.179156637899283e-09
2.409054738937622e-09
2.662523721611247e-09
2.941906739555998e-09
3.249772163999149e-09
3.588934443390906e-09
3.962476816878297e-09
4.373776038850543e-09
4.826529284418547e-09
5.324783419276520e-09
5.872966831997475e-09
6.475924042506388e-09
7.138953317330348e-09
7.867847540323180e-09
8.668938606986948e-09
9.549145631353993e-09
1.051602727674502e-08
1.157783854568189e-08
1.274359238991379e-08
1.402312652902559e-08
1.542717589555494e-08
1.696745115607714e-08
1.865672379145560e-08
2.050891825554110e-08
2.253921177018382e-08
2.476414235565258e-08
2.720172573960214e-08
2.987158183476347e-08
3.279507152573678e-08
3.599544455883437e-08
3.949799938605202e-08
4.333025587515532e-08
4.752214186277420e-08
5.210619459653850e-08
5.711777818590470e-08
6.259531825967643e-08
6.858055511157753e-08
7.511881670387926e-08
8.225931299330541e-08
9.005545314355196e-08
9.856518729507972e-08
1.078513746757078e-07
1.179821799553022e-07
1.290314998748829e-07
1.410794223151423e-07
1.542127201120811e-07
1.685253820786223e-07
1.841191838511063e-07
2.011043013489233e-07
2.195999698146805e-07
2.397351915916978e-07
2.616494959957722e-07
2.854937548495614e-07
3.114310574711318e-07
3.396376491437498e-07
3.703039373424108e-07
4.036355702545018e-07
4.398545924079437e-07
4.792006825107936e-07
5.219324789122242e-07
5.683289984166664e-07
6.186911545213837e-07
6.733433815034878e-07
7.326353711561088e-07
7.969439293657926e-07
8.666749601349146e-07
9.422655850847073e-07
1.024186406927126e-06
1.112943925867951e-06
1.209083118400017e-06
1.313190188465001e-06
1.425895501505553e-06
1.547876712497497e-06
1.679862099645074e-06
1.822634116041575e-06
1.977033172243893e-06
2.143961663383322e-06
2.324388255137003e-06
2.519352443615643e-06
2.729969404983944e-06
2.957435151421605e-06
3.203032010855165e-06
3.468134448745139e-06
3.754215251099435e-06
4.062852088803484e-06
4.395734484310361e-06
4.754671202721006e-06
5.141598090305789e-06
5.558586384574541e-06
6.007851521093127e-06
6.491762463370810e-06
7.012851583304391e-06
7.573825120862324e-06
8.177574252924795e-06
8.827186802464094e-06
9.525959620553050e-06
1.027741167502801e-05
1.108529788100572e-05
1.195362370986088e-05
1.288666061471121e-05
1.388896231193039e-05
1.496538195971317e-05
1.612109027625243e-05
1.736159464165175e-05
1.869275922928884e-05
2.012082621396300e-05
2.165243810580133e-05
2.329466126056254e-05
2.505501061866063e-05
2.694147572693135e-05
2.896254809888001e-05
3.112724997087546e-05
3.344516451349020e-05
3.592646755892597e-05
3.858196090720471e-05
4.142310727554150e-05
4.446206695704599e-05
4.771173625661522e-05
5.118578777358117e-05
5.489871260235235e-05
5.886586452393786e-05
6.310350626285610e-05
6.762885788550318e-05
7.246014741758239e-05
7.761666375966596e-05
8.311881198137031e-05
8.898817107596413e-05
9.524755425848960e-05
1.019210718916513e-04
1.090341971248055e-04
1.166138343323562e-04
1.246883904387221e-04
1.332878492177735e-04
1.424438486552369e-04
1.521897614630140e-04
1.625607788346623e-04
1.735939975314044e-04
1.853285103879831e-04
1.978055003274274e-04
2.110683379733426e-04
2.251626829476643e-04
2.401365889409124e-04
2.560406126408288e-04
2.729279266038769e-04
2.908544361523958e-04
3.098789003782355e-04
3.300630573314242e-04
3.514717534698370e-04
3.741730774429122e-04
3.982384982792018e-04
4.237430080439155e-04
4.507652690286205e-04
4.793877655308731e-04
5.096969602767572e-04
5.417834555341008e-04
5.757421589584921e-04
6.116724542081219e-04
6.496783763569277e-04
6.898687921284833e-04
7.323575849655607e-04
7.772638449422719e-04
8.247120635171685e-04
8.748323331166216e-04
9.277605515282129e-04
9.836386310737354e-04
1.042614712520709e-03
1.104843383680065e-03
1.170485902625834e-03
1.239710425460269e-03
1.312692238534857e-03
1.389613995024102e-03
1.470665955734823e-03
1.556046234018941e-03
1.645961044642432e-03
1.740624956447165e-03
1.840261148625867e-03
1.945101670413379e-03
2.055387703979671e-03
2.171369830291940e-03
2.293308297694262e-03
2.421473292934043e-03
2.556145214344629e-03
2.697614946873113e-03
2.846184138621585e-03
3.002165478548725e-03
3.165882974956985e-03
3.337672234368401e-03
3.517880740369613e-03
3.706868131983758e-03
3.905006481103743e-03
4.112680568497925e-03
4.330288157875542e-03
4.558240267475318e-03
4.796961438616688e-03
5.046890000628845e-03
5.308478331548753e-03
5.582193113954986e-03
5.868515585280223e-03
6.167941781921198e-03
6.480982776441157e-03
6.808164907136262e-03
7.150029999214307e-03
7.507135576811147e-03
7.880055065048014e-03
8.269377981311051e-03
8.675710114913252e-03
9.099673694278498e-03
9.541907540767803e-03
1.000306720824896e-02
1.048382510749313e-02
1.098487061446498e-02
1.150691016155748e-02
1.205066731080803e-02
1.261688280811955e-02
1.320631461749857e-02
1.381973793431217e-02
1.445794517655735e-02
1.512174595312922e-02
1.581196700807008e-02
1.652945213977774e-02
1.727506209415090e-02
1.804967443065010e-02
1.885418336025626e-02
1.968949955431422e-02
2.055654992325651e-02
2.145627736421317e-02
2.238964047652605e-02
2.335761324420192e-02
2.436118468435649e-02
2.540135846072288e-02
2.647915246132183e-02
2.759559833941758e-02
2.875174101691339e-02
2.994863814937338e-02
3.118735955189326e-02
3.246898658508177e-02
3.379461150045661e-02
3.516533674460454e-02
3.658227422150354e-02
3.804654451245743e-02
3.955927605314807e-02
4.112160426736931e-02
4.273467065706816e-02
4.439962184838413e-02
4.611760859344567e-02
4.788978472775435e-02
4.971730608306181e-02
5.160132935572258e-02
5.354301093058641e-02
5.554350566057753e-02
5.760396560219511e-02
5.972553870725858e-02
6.190936747131320e-02
6.415658753920671e-02
6.646832626844439e-02
6.884570125102972e-02
7.128981879459925e-02
7.380177236376402e-02
7.638264098267526e-02
7.903348759993920e-02
8.175535741711448e-02
8.454927618213515e-02
8.741624844911364e-02
9.035725580608904e-02
9.337325507239870e-02
9.646517646746385e-02
9.963392175289190e-02
1.028803623499114e-01
1.062053374342670e-01
1.096096520108135e-01
1.130940749701576e-01
1.166593371298060e-01
1.203061292623857e-01
1.240351001136051e-01
1.278468544127342e-01
1.317419508784740e-01
1.357209002231916e-01
1.397841631585870e-01
1.439321484059495e-01
1.481652107142510e-01
1.524836488894064e-01
1.568877038381067e-01
1.613775566297099e-01
1.659533265797405e-01
1.706150693586120e-01
1.753627751292462e-01
1.801963667173155e-01
1.851156978178767e-01
1.901205512422095e-01
1.952106372086994e-01
2.003855916816347e-01
2.056449747618025e-01
2.109882691327795e-01
2.164148785668159e-01
2.219241264942065e-01
2.275152546400256e-01
2.331874217320861e-01
2.389397022839445e-01
2.447710854567426e-01
2.506804740036212e-01
2.566666833003871e-01
2.627284404660488e-01
2.688643835767588e-01
2.750730609766169e-01
2.813529306886941e-01
2.877023599295354e-01
2.941196247302849e-01
3.006029096674583e-01
3.071503077062541e-01
3.137598201591587e-01
3.204293567624490e-01
3.271567358730441e-01
3.339396847879854e-01
3.407758401886586e-01
3.476627487116830e-01
3.545978676482072e-01
3.615785657731532e-01
3.686021243057442e-01
3.756657380024449e-01
3.827665163832192e-01
3.899014850917926e-01
3.970675873903712e-01
4.042616857890395e-01
4.114805638098147e-01
4.187209278850942e-01
4.259794093899834e-01
4.332525668077383e-01
4.405368880273055e-01
4.478287927716816e-01
4.551246351555595e-01
4.624207063704632e-01
4.697132374953203e-01
4.769984024301504e-01
4.842723209502978e-01
4.915310618783698e-01
4.987706463707887e-01
5.059870513156102e-01
5.131762128380073e-01
5.203340299095736e-01
5.274563680573533e-01
5.345390631682676e-01
5.415779253843729e-01
5.485687430841610e-01
5.555072869448892e-01
5.623893140807135e-01
5.692105722511991e-01
5.759668041345777e-01
5.826537516599419e-01
5.892671603923822e-01
5.958027839649099e-01
6.022563885508482e-01
6.086237573702332e-01
6.149006952236279e-01
6.210830330466318e-01
6.271666324782628e-01
6.331473904362858e-01
6.390212436924854e-01
6.447841734408064e-01
6.504322098512334e-01
6.559614366022352e-01
6.613679953845791e-01
6.666480903693014e-01
6.717979926326262e-01
6.768140445306432e-01
6.816926640165820e-01
6.864303488935751e-01
6.910236809958572e-01
6.954693302914289e-01
6.997640588993062e-01
7.039047250145809e-01
7.078882867346401e-01
7.117118057800310e-01
7.153724511036034e-01
7.188675023817296e-01
7.221943533815794e-01
7.253505151986188e-01
7.283336193587011e-01
7.311414207793454e-01
7.337718005850169e-01
7.362227687714680e-01
7.384924667144548e-01
7.405791695183981e-01
7.424812882008345e-01
7.441973717087901e-01
7.457261087634893e-01
7.470663295301181e-01
7.482170071096668e-01
7.491772588501870e-01
7.499463474751196e-01
7.505236820266746e-01
7.509088186225735e-01
7.511014610247965e-01
7.511014610247965e-01
7.509088186225735e-01
7.505236820266746e-01
7.499463474751196e-01
7.491772588501870e-01
7.482170071096668e-01
7.470663295301181e-01
7.457261087634893e-01
7.441973717087901e-01
7.424812882008345e-01
7.405791695183981e-01
7.384924667144548e-01
7.362227687714680e-01
7.337718005850169e-01
7.311414207793454e-01
7.283336193587011e-01
7.253505151986188e-01
7.221943533815794e-01
7.188675023817296e-01
7.153724511036034e-01
7.117118057800310e-01
7.078882867346401e-01
7.039047250145809e-01
6.997640588993062e-01
6.954693302914289e-01
6.910236809958572e-01
6.864303488935751e-01
6.816926640165820e-01
6.768140445306432e-01
6.717979926326262e-01
6.666480903693014e-01
6.613679953845791e-01
6.559614366022352e-01
6.504322098512334e-01
6.447841734408064e-01
6.390212436924854e-01
6.331473904362858e-01
6.271666324782628e-01
6.210830330466318e-01
6.149006952236279e-01
6.086237573702332e-01
6.022563885508482e-01
5.958027839649099e-01
5.892671603923822e-01
5.826537516599419e-01
5.759668041345777e-01
5.692105722511991e-01
5.623893140807135e-01
5.555072869448892e-01
5.485687430841610e-01
5.415779253843729e-01
5.345390631682676e-01
5.274563680573533e-01
5.203340299095736e-01
5.131762128380073e-01
5.059870513156102e-01
4.987706463707887e-01
4.915310618783698e-01
4.842723209502978e-01
4.769984024301504e-01
4.697132374953203e-01
4.624207063704632e-01
4.551246351555595e-01
4.478287927716816e-01
4.405368880273055e-01
4.332525668077383e-01
4.259794093899834e-01
4.187209278850942e-01
4.114805638098147e-01
4.042616857890395e-01
3.970675873903712e-01
3.899014850917926e-01
3.827665163832192e-01
3.756657380024449e-01
3.686021243057442e-01
3.615785657731532e-01
3.545978676482072e-01
3.476627487116830e-01
3.407758401886586e-01
3.339396847879854e-01
3.271567358730441e-01
3.204293567624490e-01
3.137598201591587e-01
3.071503077062541e-01
3.006029096674583e-01
2.941196247302849e-01
2.877023599295354e-01
2.813529306886941e-01
2.750730609766169e-01
2.688643835767588e-01
2.627284404660488e-01
2.566666833003871e-01
2.506804740036212e-01
2.447710854567426e-01
2.389397022839445e-01
2.331874217320861e-01
2.275152546400256e-01
2.219241264942065e-01
2.164148785668159e-01
2.109882691327795e-01
2.056449747618025e-01
2.003855916816347e-01
1.952106372086994e-01
1.901205512422095e-01
1.851156978178767e-01
1.801963667173155e-01
1.753627751292462e-01
1.706150693586120e-01
1.659533265797405e-01
1.613775566297099e-01
1.568877038381067e-01
1.524836488894064e-01
1.481652107142510e-01
1.439321484059495e-01
1.397841631585870e-01
1.357209002231916e-01
1.317419508784740e-01
1.278468544127342e-01
1.240351001136051e-01
1.203061292623857e-01
1.166593371298060e-01
1.130940749701576e-01
1.096096520108135e-01
1.062053374342670e-01
1.028803623499114e-01
9.963392175289190e-02
9.646517646746385e-02
9.337325507239870e-02
9.035725580608904e-02
8.741624844911364e-02
8.454927618213515e-02
8.175535741711448e-02
7.903348759993920e-02
7.638264098267526e-02
7.380177236376402e-02
7.128981879459925e-02
6.884570125102972e-02
6.646832626844439e-02
6.415658753920671e-02
6.190936747131320e-02
5.972553870725858e-02
5.760396560219511e-02
5.554350566057753e-02
5.354301093058641e-02
5.160132935572258e-02
4.971730608306181e-02
4.788978472775435e-02
4.611760859344567e-02
4.439962184838413e-02
4.273467065706816e-02
4.112160426736931e-02
3.955927605314807e-02
3.804654451245743e-02
3.658227422150354e-02
3.516533674460454e-02
3.379461150045661e-02
3.246898658508177e-02
3.118735955189326e-02
2.994863814937338e-02
2.875174101691339e-02
2.759559833941758e-02
2.647915246132183e-02
2.540135846072288e-02
2.436118468435649e-02
2.335761324420192e-02
2.238964047652605e-02
2.145627736421317e-02
2.055654992325651e-02
1.968949955431422e-02
1.885418336025626e-02
1.804967443065010e-02
1.727506209415090e-02
1.652945213977774e-02
1.581196700807008e-02
1.512174595312922e-02
1.445794517655735e-02
1.381973793431217e-02
1.320631461749857e-02
1.261688280811955e-02
1.205066731080803e-02
1.150691016155748e-02
1.098487061446498e-02
1.048382510749313e-02
1.000306720824896e-02
9.541907540767803e-03
9.099673694278498e-03
8.675710114913252e-03
8.269377981311051e-03
7.880055065048014e-03
7.507135576811147e-03
7.150029999214307e-03
6.808164907136262e-03
6.480982776441157e-03
6.167941781921198e-03
5.868515585280223e-03
5.582193113954986e-03
5.308478331548753e-03
5.046890000628845e-03
4.796961438616688e-03
4.558240267475318e-03
4.330288157875542e-03
4.112680568497925e-03
3.905006481103743e-03
3.706868131983758e-03
3.517880740369613e-03
3.337672234368401e-03
3.165882974956985e-03
3.002165478548725e-03
2.846184138621585e-03
2.697614946873113e-03
2.556145214344629e-03
2.421473292934043e-03
2.293308297694262e-03
2.171369830291940e-03
2.055387703979671e-03
1.945101670413379e-03
1.840261148625867e-03
1.740624956447165e-03
1.645961044642432e-03
1.556046234018941e-03
1.470665955734823e-03
1.389613995024102e-03
1.312692238534857e-03
1.239710425460269e-03
1.170485902625834e-03
1.104843383680065e-03
1.042614712520709e-03
9.836386310737354e-04
9.277605515282129e-04
8.748323331166216e-04
8.247120635171685e-04
7.772638449422719e-04
7.323575849655607e-04
6.898687921284833e-04
6.496783763569277e-04
6.116724542081219e-04
5.757421589584921e-04
5.417834555341008e-04
5.096969602767572e-04
4.793877655308731e-04
4.507652690286205e-04
4.237430080439155e-04
3.982384982792018e-04
3.741730774429122e-04
3.514717534698370e-04
3.300630573314242e-04
3.098789003782355e-04
2.908544361523958e-04
2.729279266038769e-04
2.560406126408288e-04
2.401365889409124e-04
2.251626829476643e-04
2.110683379733426e-04
1.978055003274274e-04
1.853285103879831e-04
1.735939975314044e-04
1.625607788346623e-04
1.521897614630140e-04
1.424438486552369e-04
1.332878492177735e-04
1.246883904387221e-04
1.166138343323562e-04
1.090341971248055e-04
1.019210718916513e-04
9.524755425848960e-05
8.898817107596413e-05
8.311881198137031e-05
7.761666375966596e-05
7.246014741758239e-05
6.762885788550318e-05
6.310350626285610e-05
5.886586452393786e-05
5.489871260235235e-05
5.118578777358117e-05
4.771173625661522e-05
4.446206695704599e-05
4.142310727554150e-05
3.858196090720471e-05
3.592646755892597e-05
3.344516451349020e-05
3.112724997087546e-05
2.896254809888001e-05
2.694147572693135e-05
2.505501061866063e-05
2.329466126056254e-05
2.165243810580133e-05
2.012082621396300e-05
1.869275922928884e-05
1.736159464165175e-05
1.612109027625243e-05
1.496538195971317e-05
1.388896231193039e-05
1.288666061471121e-05
1.195362370986088e-05
1.108529788100572e-05
1.027741167502801e-05
9.525959620553050e-06
8.827186802464094e-06
8.177574252924795e-06
7.573825120862324e-06
7.012851583304391e-06
6.491762463370810e-06
6.007851521093127e-06
5.558586384574541e-06
5.141598090305789e-06
4.754671202721006e-06
4.395734484310361e-06
4.062852088803484e-06
3.754215251099435e-06
3.468134448745139e-06
3.203032010855165e-06
2.957435151421605e-06
2.729969404983944e-06
2.519352443615643e-06
2.324388255137003e-06
2.143961663383322e-06
1.977033172243893e-06
1.822634116041575e-06
1.679862099645074e-06
1.547876712497497e-06
1.425895501505553e-06
1.313190188465001e-06
1.209083118400017e-06
1.112943925867951e-06
1.024186406927126e-06
9.422655850847073e-07
8.666749601349146e-07
7.969439293657926e-07
7.326353711561088e-07
6.733433815034878e-07
6.186911545213837e-07
5.683289984166664e-07
5.219324789122242e-07
4.792006825107936e-07
4.398545924079437e-07
4.036355702545018e-07
3.703039373424108e-07
3.396376491437498e-07
3.114310574711318e-07
2.854937548495614e-07
2.616494959957722e-07
2.397351915916978e-07
2.195999698146805e-07
2.011043013489233e-07
1.841191838511063e-07
1.685253820786223e-07
1.542127201120811e-07
1.410794223151423e-07
1.290314998748829e-07
1.179821799553022e-07
1.078513746757078e-07
9.856518729507972e-08
9.005545314355196e-08
8.225931299330541e-08
7.511881670387926e-08
6.858055511157753e-08
6.259531825967643e-08
5.711777818590470e-08
5.210619459653850e-08
4.752214186277420e-08
4.333025587515532e-08
3.949799938605202e-08
3.599544455883437e-08
3.279507152573678e-08
2.987158183476347e-08
2.720172573960214e-08
2.476414235565258e-08
2.253921177018382e-08
2.050891825554110e-08
1.865672379145560e-08
1.696745115607714e-08
1.542717589555494e-08
1.402312652902559e-08
1.274359238991379e-08
1.157783854568189e-08
1.051602727674502e-08
9.549145631353993e-09
8.668938606986948e-09
7.867847540323180e-09
7.138953317330348e-09
6.475924042506388e-09
5.872966831997475e-09
5.324783419276520e-09
4.826529284418547e-09
4.373776038850543e-09
3.962476816878297e-09
3.588934443390906e-09
3.249772163999149e-09
2.941906739555998e-09
2.662523721611247e-09
2.409054738937622e-09
2.179156637899283e-09
1.970692331177490e-09
1.781713220281074e-09
1.610443067406103e-09
1.455263201621670e-09
1.314698953095378e-09
1.187407217178538e-09
1.072165057689939e-09
9.678592657084253e-10
8.734767966458168e-10
7.880960143582103e-10
7.108786765981482e-10
6.410626012434415e-10
5.779549574892806e-10
5.209261305856147e-10
4.694041127667651e-10
4.228693767783490e-10
3.808501918797482e-10
3.429183454090513e-10
3.086852359606847e-10
2.777983069616566e-10
2.499377919570466e-10
2.248137452445335e-10
2.021633336457658e-10
1.817483671826381e-10
1.633530482515006e-10
1.467819205696011e-10
1.318580007164089e-10
1.184210765179150e-10
1.063261578338492e-10
9.544206651463132e-11
8.565015340481209e-11
7.684313129017824e-11
6.892401362351140e-11
6.180514972558289e-11
5.540734794926806e-11
4.965907902115969e-11
4.449575244183092e-11
3.985905943764989e-11
3.569637651812697e-11
3.196022420720946e-11
2.860777598844410e-11
2.560041293594273e-11
2.290331989878675e-11
2.048511946882188e-11
1.831754029343255e-11
1.637511659834153e-11
1.463491606305776e-11
1.307629344541600e-11
1.168066758367269e-11
1.043131961664553e-11
9.313210456069220e-12
8.312815722214084e-12
7.417976515284702e-12
6.617764542474499e-12
5.902360254988992e-12
5.262942771958205e-12
4.691590479941743e-12
4.181191298610674e-12
3.725361696015650e-12
3.318373621398022e-12
2.955088600483072e-12
2.630898308266327e-12
2.341670998064583e-12
2.083703223602624e-12
1.853676343648104e-12
1.648617346651718e-12
1.465863576420005e-12
1.303030979429955e-12
1.157985530341744e-12
1.028817524901381e-12
9.138184590444285e-13
8.114602398852205e-13
7.203764986496952e-13
6.393457977095065e-13
5.672765439058467e-13
5.031934385011594e-13
4.462253105366673e-13
3.955941952594374e-13
3.506055327567200e-13
3.106393741270924e-13
2.751424935454718e-13
2.436213145497091e-13
2.156355678879548e-13
1.907926064071191e-13
1.687423098143072e-13
1.491725187784217e-13
1.318049438247957e-13
1.163914998721259e-13
1.027110221228724e-13
9.056632339523062e-14
7.978155692158631e-14
7.019985217551593e-14
6.168119446338165e-14
5.410052186022538e-14
4.734601561245031e-14
4.131756239803631e-14
3.592536885223172e-14
3.108871055358018e-14
2.673479924005091e-14
2.279775340385697e-14
1.921765860994777e-14
1.593970490868298e-14
1.291338957730590e-14
1.009177413497920e-14
7.430785137768174e-15
4.888548676485439e-15
2.424748773127808e-15
0.000000000000000e+00
