0.000000000000000e+00
9.987015323577108e-13
2.012984676422892e-12
3.058541881478807e-12
4.151416538100656e-12
5.308244392874939e-12
6.546499883604823e-12
7.884750985934565e-12
9.342926196825035e-12
1.094259736653635e-11
1.270728222817537e-11
1.466277066263416e-11
1.683747897777481e-11
1.926283677558795e-11
2.197371133202631e-11
2.500887482422826e-11
2.841152021252478e-11
3.222983212429589e-11
3.651761969846990e-11
4.133501903906342e-11
4.674927370027285e-11
5.283560249173170e-11
5.967816485904121e-11
6.737113517093992e-11
7.601989844093215e-11
8.574238133941523e-11
9.667053382513173e-11
1.089519783562623e-10
1.227518454472589e-10
1.382548163347560e-10
1.556673957234802e-10
1.752204400217409e-10
1.971719691686243e-10
2.218102931264112e-10
2.494574873894117e-10
2.804732554743882e-10
3.152592203409130e-10
3.542636910783862e-10
3.979869560294209e-10
4.469871588399640e-10
5.018868197819673e-10
5.633800711361103e-10
6.322406825062106e-10
7.093309597249083e-10
7.956116095689415e-10
8.921526719049034e-10
1.000145631212438e-09
1.120916830768246e-09
1.255942325215636e-09
1.406864320893716e-09
1.575509368269922e-09
1.763908487231440e-09
1.974319423978160e-09
2.209251257966464e-09
2.471491598936461e-09
2.764136637685952e-09
3.090624340117666e-09
3.454771102383473e-09
3.860812215898802e-09
4.313446524839232e-09
4.817885695716257e-09
5.379908559039093e-09
6.005921027205944e-09
6.703022140958408e-09
7.479076849330617e-09
8.342796185413507e-09
9.303825562848788e-09
1.037284198621491e-08
1.156166104285338e-08
1.288335462473128e-08
1.435238041721098e-08
1.598472428771033e-08
1.779805681184587e-08
1.981190528846781e-08
2.204784271878509e-08
2.452969535936802e-08
2.728377060509364e-08
3.033910711702457e-08
3.372774928281504e-08
3.748504828462990e-08
4.164999225293492e-08
4.626556820515367e-08
5.137915870746578e-08
5.704297645742315e-08
6.331454026617506e-08
7.025719622362402e-08
7.794068815961214e-08
8.644178187122191e-08
9.584494797256865e-08
1.062431086413130e-07
1.177384539879422e-07
1.304433342622340e-07
1.444812346389877e-07
1.599878398950279e-07
1.771121969048087e-07
1.960179835460368e-07
2.168848933231746e-07
2.399101457893215e-07
2.653101336798783e-07
2.933222185689401e-07
3.242066878261718e-07
3.582488866929422e-07
3.957615404169810e-07
4.370872825903784e-07
4.826014071323064e-07
5.327148627517336e-07
5.878775102233312e-07
6.485816644188574e-07
7.153659447641129e-07
7.888194596460917e-07
8.695863522847031e-07
9.583707377173959e-07
1.055942062832696e-06
1.163140923840146e-06
1.280885378190014e-06
1.410177790767764e-06
1.552112257197335e-06
1.707882650306565e-06
1.878791339250529e-06
2.066258634468307e-06
2.271833015580321e-06
2.497202203532292e-06
2.744205142774395e-06
3.014844964047369e-06
3.311303003449047e-06
3.635953958893987e-06
3.991382270875119e-06
4.380399820610620e-06
4.806065045232873e-06
5.271703576672405e-06
5.780930518331693e-06
6.337674481556480e-06
6.946203512321767e-06
7.611153047482880e-06
8.337556049427145e-06
9.130875478028171e-06
9.997039269482961e-06
1.094247800293388e-05
1.197416544777593e-05
1.309966219725898e-05
1.432716260744994e-05
1.566554527485868e-05
1.712442730109089e-05
1.871422260881117e-05
2.044620459012075e-05
2.233257338621792e-05
2.438652811595903e-05
2.662234439071799e-05
2.905545747379763e-05
3.170255146462482e-05
3.458165491110930e-05
3.771224327791427e-05
4.111534872402338e-05
4.481367766994596e-05
4.883173666323132e-05
5.319596708071661e-05
5.793488923716459e-05
6.307925650271132e-05
6.866222006589442e-05
7.471950501502436e-05
8.128959844834981e-05
8.841395036290877e-05
9.613718811320461e-05
1.045073452739559e-04
1.135761057861941e-04
1.233990643129798e-04
1.340360037800263e-04
1.455511911276124e-04
1.580136923533849e-04
1.714977079810400e-04
1.860829301474849e-04
2.018549225609529e-04
2.189055246447238e-04
2.373332812456212e-04
2.572438993533564e-04
2.787507333460942e-04
3.019753003493551e-04
3.270478273695637e-04
3.541078319402191e-04
3.833047380978130e-04
4.147985295862507e-04
4.487604422726528e-04
4.853736978439939e-04
5.248342809430829e-04
5.673517619938454e-04
6.131501680597263e-04
6.624689041752156e-04
7.155637276889777e-04
7.727077782577405e-04
8.341926662329190e-04
9.003296222867842e-04
9.714507112317593e-04
1.047910113094988e-03
1.130085474620542e-03
1.218379334483363e-03
1.313220625612071e-03
1.415066258131981e-03
1.524402786554763e-03
1.641748164956964e-03
1.767653594005909e-03
1.902705463807816e-03
2.047527396669328e-03
2.202782393979396e-03
2.369175091533548e-03
2.547454127736353e-03
2.738414629230260e-03
2.942900818609219e-03
3.161808748983388e-03
3.396089170266167e-03
3.646750532156282e-03
3.914862128885204e-03
4.201557390893182e-03
4.508037328684995e-03
4.835574134198668e-03
5.185514945095972e-03
5.559285777452081e-03
5.958395632382367e-03
6.384440782196356e-03
6.839109241711390e-03
7.324185430390918e-03
7.841555030993515e-03
8.393210050427907e-03
8.981254088505549e-03
9.607907820264643e-03
1.027551469750690e-02
1.098654687513999e-02
1.174361136785306e-02
1.254945644256943e-02
1.340697825201784e-02
1.431922771464078e-02
1.528941764591426e-02
1.632093014598634e-02
1.741732424835121e-02
1.858234383405983e-02
1.981992581572641e-02
2.113420859532046e-02
2.252954079943637e-02
2.401049029540422e-02
2.558185349124661e-02
2.724866492209455e-02
2.901620712525019e-02
3.089002080562410e-02
3.287591529277830e-02
3.497997929027299e-02
3.720859191744256e-02
3.956843404311500e-02
4.206649991013662e-02
4.471010904886961e-02
4.750691847709355e-02
5.046493518296125e-02
5.359252888683470e-02
5.689844507695596e-02
6.039181831299200e-02
6.408218579052896e-02
6.797950115858098e-02
7.209414858112070e-02
7.643695703253200e-02
8.101921481573141e-02
8.585268429050147e-02
9.094961679832828e-02
9.632276776873569e-02
1.019854119907620e-01
1.079513590318299e-01
1.142349687848195e-01
1.208511671226674e-01
1.278154616382817e-01
1.351439574459901e-01
1.428533730191176e-01
1.509610560366341e-01
1.594849992101162e-01
1.684438560605314e-01
1.778569566125882e-01
1.877443229725972e-01
1.981266847539550e-01
2.090254943125167e-01
2.204629417522401e-01
2.324619696595939e-01
2.450462875233094e-01
2.582403857941366e-01
2.720695495373375e-01
2.865598716287209e-01
3.017382654430958e-01
3.176324769821077e-01
3.342710963865142e-01
3.516835687760770e-01
3.699002043583898e-01
3.889521877461370e-01
4.088715864204941e-01
4.296913582766398e-01
4.514453581856670e-01
4.741683435055531e-01
4.978959784722961e-01
5.226648374008380e-01
5.485124066240104e-01
5.754770850964261e-01
6.035981835890472e-01
6.329159223990615e-01
6.634714274987394e-01
6.953067250460883e-01
7.284647341794233e-01
7.629892580174134e-01
7.989249727857555e-01
8.363174149913943e-01
8.752129665651427e-01
9.156588378936763e-01
9.577030486621927e-01
1.001394406429542e+00
1.046782482858362e+00
1.093917587523713e+00
1.142850739224863e+00
1.193633634726319e+00
1.246318614855856e+00
1.300958627889197e+00
1.357607190153219e+00
1.416318343781969e+00
1.477146611562538e+00
1.540146948810844e+00
1.605374692220669e+00
1.672885505632905e+00
1.742735322675869e+00
1.814980286231734e+00
1.889676684688647e+00
1.966880884942923e+00
2.046649262120854e+00
2.129038125995095e+00
2.214103644076387e+00
2.301901761367444e+00
2.392488116772211e+00
2.485917956160444e+00
2.582246042094535e+00
2.681526560232857e+00
2.783813022431488e+00
2.889158166574123e+00
2.997613853168133e+00
3.109230958753217e+00
3.224059266177837e+00
3.342147351807596e+00
3.463542469738952e+00
3.588290433101130e+00
3.716435492538755e+00
3.848020211977610e+00
3.983085341785948e+00
4.121669689454039e+00
4.263809987924938e+00
4.409540761719969e+00
4.558894191012969e+00
4.711899973818001e+00
4.868585186465911e+00
5.028974142555850e+00
5.193088250578580e+00
5.360945870419069e+00
5.532562168956506e+00
5.707948974990392e+00
5.887114633731779e+00
6.070063861108970e+00
6.256797598147084e+00
6.447312865690703e+00
6.641602619748449e+00
6.839655607747602e+00
7.041456225995880e+00
7.246984378656094e+00
7.456215338547631e+00
7.669119610096478e+00
7.885662794762865e+00
8.105805459282337e+00
8.329503007062435e+00
8.556705553082764e+00
8.787357802651371e+00
9.021398934374755e+00
9.258762487702569e+00
9.499376255411153e+00
9.743162181392240e+00
9.990036264114753e+00
1.023990846612827e+01
1.049268262997650e+01
1.074825640088832e+01
1.100652115661161e+01
1.126736194475276e+01
1.153065742798054e+01
1.179627983744843e+01
1.206409493478390e+01
1.233396198298605e+01
1.260573372656573e+01
1.287925638125298e+01
1.315436963358737e+01
1.343090665069534e+01
1.370869410054737e+01
1.398755218297433e+01
1.426729467170877e+01
1.454772896770149e+01
1.482865616394806e+01
1.510987112204256e+01
1.539116256065786e+01
1.567231315613253e+01
1.595309965532474e+01
1.623329300087201e+01
1.651265846897424e+01
1.679095581979433e+01
1.706793946054727e+01
1.734335862132377e+01
1.761695754366990e+01
1.788847568191752e+01
1.815764791723410e+01
1.842420478433335e+01
1.868787271075979e+01
1.894837426863259e+01
1.920542843870479e+01
1.945875088656508e+01
1.970805425077980e+01
1.995304844274283e+01
2.019344095797149e+01
2.042893719855601e+01
2.065924080644066e+01
2.088405400718392e+01
2.110307796381567e+01
2.131601314037940e+01
2.152255967471799e+01
2.172241776003265e+01
2.191528803471594e+01
2.210087197993160e+01
2.227887232438656e+01
2.244899345571371e+01
2.261094183785799e+01
2.276442643383318e+01
2.290915913319284e+01
2.304485518353541e+01
2.317123362534167e+01
2.328801772942202e+01
2.339493543623120e+01
2.349171979629030e+01
2.357810941093869e+01
2.365384887262363e+01
2.371868920392146e+01
2.377238829447194e+01
2.381471133499753e+01
2.384543124756995e+01
2.386432911128023e+01
2.387119458246300e+01
2.386582630862280e+01
2.384803233520896e+01
2.381763050438654e+01
2.377444884495324e+01
2.371832595255749e+01
2.364911135937919e+01
2.356666589244396e+01
2.347086201975245e+01
2.336158418341935e+01
2.323872911903180e+01
2.310220616045409e+01
2.295193752932473e+01
2.278785860851307e+01
2.260991819882599e+01
2.241807875828022e+01
2.221231662328304e+01
2.199262221109286e+01
2.175900020296226e+01
2.151146970739827e+01
2.125006440300935e+01
2.097483266044389e+01
2.068583764296295e+01
2.038315738522886e+01
2.006688484993126e+01
1.973712796191430e+01
1.939400961951146e+01
1.903766768283809e+01
1.866825493883753e+01
1.828593904292181e+01
1.789090243709533e+01
1.748334224449691e+01
1.706347014034395e+01
1.663151219931063e+01
1.618770871942117e+01
1.573231402258796e+01
1.526559623197363e+01
1.478783702640521e+01
1.429933137211740e+01
1.380038723215063e+01
1.329132525377781e+01
1.277247843438137e+01
1.224419176624910e+01
1.170682186080366e+01
1.116073655282582e+01
1.060631448527571e+01
1.004394467535961e+01
9.474026062531415e+00
8.896967039158572e+00
8.313184964620962e+00
7.723105663648759e+00
7.127162909740711e+00
6.525797894538220e+00
5.919458684062423e+00
5.308599662751408e+00
4.693680966262541e+00
4.075167904030533e+00
3.453530372595370e+00
2.829242260735368e+00
2.202780847459448e+00
1.574626193929157e+00
9.452605303949113e-01
3.151676392424516e-01
