0.000000000000000e+00
7.537688442211055e-02
1.507537688442211e-01
2.261306532663316e-01
3.015075376884422e-01
3.768844221105527e-01
4.522613065326633e-01
5.276381909547738e-01
6.030150753768844e-01
6.783919597989949e-01
7.537688442211055e-01
8.291457286432160e-01
9.045226130653266e-01
9.798994974874371e-01
1.055276381909548e+00
1.130653266331658e+00
1.206030150753769e+00
1.281407035175879e+00
1.356783919597990e+00
1.432160804020100e+00
1.507537688442211e+00
1.582914572864321e+00
1.658291457286432e+00
1.733668341708543e+00
1.809045226130653e+00
1.884422110552764e+00
1.959798994974874e+00
2.035175879396985e+00
2.110552763819095e+00
2.185929648241206e+00
2.261306532663316e+00
2.336683417085427e+00
2.412060301507537e+00
2.487437185929648e+00
2.562814070351759e+00
2.638190954773869e+00
2.713567839195980e+00
2.788944723618090e+00
2.864321608040201e+00
2.939698492462311e+00
3.015075376884422e+00
3.090452261306533e+00
3.165829145728643e+00
3.241206030150753e+00
3.316582914572864e+00
3.391959798994975e+00
3.467336683417085e+00
3.542713567839195e+00
3.618090452261306e+00
3.693467336683417e+00
3.768844221105527e+00
3.844221105527637e+00
3.919597989949748e+00
3.994974874371859e+00
4.070351758793969e+00
4.145728643216080e+00
4.221105527638191e+00
4.296482412060302e+00
4.371859296482412e+00
4.447236180904522e+00
4.522613065326633e+00
4.597989949748744e+00
4.673366834170854e+00
4.748743718592964e+00
4.824120603015075e+00
4.899497487437186e+00
4.974874371859296e+00
5.050251256281406e+00
5.125628140703517e+00
5.201005025125628e+00
5.276381909547738e+00
5.351758793969848e+00
5.427135678391959e+00
5.502512562814070e+00
5.577889447236180e+00
5.653266331658291e+00
5.728643216080402e+00
5.804020100502512e+00
5.879396984924623e+00
5.954773869346733e+00
6.030150753768844e+00
6.105527638190955e+00
6.180904522613065e+00
6.256281407035175e+00
6.331658291457286e+00
6.407035175879397e+00
6.482412060301507e+00
6.557788944723617e+00
6.633165829145728e+00
6.708542713567839e+00
6.783919597989949e+00
6.859296482412059e+00
6.934673366834170e+00
7.010050251256281e+00
7.085427135678390e+00
7.160804020100501e+00
7.236180904522612e+00
7.311557788944723e+00
7.386934673366834e+00
7.462311557788944e+00
7.537688442211055e+00
7.613065326633166e+00
7.688442211055275e+00
7.763819095477386e+00
7.839195979899497e+00
7.914572864321608e+00
7.989949748743719e+00
8.065326633165828e+00
8.140703517587939e+00
8.216080402010050e+00
8.291457286432159e+00
8.366834170854270e+00
8.442211055276381e+00
8.517587939698492e+00
8.592964824120603e+00
8.668341708542712e+00
8.743718592964823e+00
8.819095477386934e+00
8.894472361809044e+00
8.969849246231155e+00
9.045226130653266e+00
9.120603015075377e+00
9.195979899497488e+00
9.271356783919597e+00
9.346733668341708e+00
9.422110552763819e+00
9.497487437185928e+00
9.572864321608039e+00
9.648241206030150e+00
9.723618090452261e+00
9.798994974874372e+00
9.874371859296481e+00
9.949748743718592e+00
1.002512562814070e+01
1.010050251256281e+01
1.017587939698492e+01
1.025125628140703e+01
1.032663316582915e+01
1.040201005025126e+01
1.047738693467337e+01
1.055276381909548e+01
1.062814070351759e+01
1.070351758793970e+01
1.077889447236181e+01
1.085427135678392e+01
1.092964824120603e+01
1.100502512562814e+01
1.108040201005025e+01
1.115577889447236e+01
1.123115577889447e+01
1.130653266331658e+01
1.138190954773869e+01
1.145728643216080e+01
1.153266331658291e+01
1.160804020100502e+01
1.168341708542713e+01
1.175879396984925e+01
1.183417085427136e+01
1.190954773869347e+01
1.198492462311558e+01
1.206030150753769e+01
1.213567839195980e+01
1.221105527638191e+01
1.228643216080402e+01
1.236180904522613e+01
1.243718592964824e+01
1.251256281407035e+01
1.258793969849246e+01
1.266331658291457e+01
1.273869346733668e+01
1.281407035175879e+01
1.288944723618090e+01
1.296482412060301e+01
1.304020100502512e+01
1.311557788944723e+01
1.319095477386935e+01
1.326633165829146e+01
1.334170854271357e+01
1.341708542713568e+01
1.349246231155779e+01
1.356783919597990e+01
1.364321608040201e+01
1.371859296482412e+01
1.379396984924623e+01
1.386934673366834e+01
1.394472361809045e+01
1.402010050251256e+01
1.409547738693467e+01
1.417085427135678e+01
1.424623115577889e+01
1.432160804020100e+01
1.439698492462311e+01
1.447236180904522e+01
1.454773869346734e+01
1.462311557788945e+01
1.469849246231156e+01
1.477386934673367e+01
1.484924623115578e+01
1.492462311557789e+01
1.500000000000000e+01
