0.000000000000000e+00
1.065990122391780e-01
2.131980244783560e-01
3.197970367175340e-01
4.263960489567120e-01
5.329950611958900e-01
6.395940734350680e-01
7.461930856742461e-01
8.527920979134240e-01
9.593911101526020e-01
1.065990122391780e+00
1.172589134630958e+00
1.279188146870136e+00
1.385787159109314e+00
1.492386171348492e+00
1.598985183587670e+00
1.705584195826848e+00
1.812183208066026e+00
1.918782220305204e+00
2.025381232544382e+00
2.131980244783560e+00
2.238579257022738e+00
2.345178269261916e+00
2.451777281501094e+00
2.558376293740272e+00
2.664975305979450e+00
2.771574318218628e+00
2.878173330457806e+00
2.984772342696985e+00
3.091371354936162e+00
3.197970367175340e+00
3.304569379414518e+00
3.411168391653696e+00
3.517767403892874e+00
3.624366416132052e+00
3.730965428371230e+00
3.837564440610408e+00
3.944163452849586e+00
4.050762465088765e+00
4.157361477327942e+00
4.263960489567120e+00
4.370559501806299e+00
4.477158514045477e+00
4.583757526284653e+00
4.690356538523832e+00
4.796955550763011e+00
4.903554563002189e+00
5.010153575241366e+00
5.116752587480544e+00
5.223351599719723e+00
5.329950611958901e+00
5.436549624198078e+00
5.543148636437256e+00
5.649747648676435e+00
5.756346660915613e+00
5.862945673154790e+00
5.969544685393969e+00
6.076143697633147e+00
6.182742709872325e+00
6.289341722111502e+00
6.395940734350680e+00
6.502539746589860e+00
6.609138758829037e+00
6.715737771068214e+00
6.822336783307392e+00
6.928935795546571e+00
7.035534807785749e+00
7.142133820024926e+00
7.248732832264104e+00
7.355331844503283e+00
7.461930856742461e+00
7.568529868981638e+00
7.675128881220816e+00
7.781727893459996e+00
7.888326905699173e+00
7.994925917938351e+00
8.101524930177529e+00
8.208123942416707e+00
8.314722954655885e+00
8.421321966895063e+00
8.527920979134240e+00
8.634519991373420e+00
8.741119003612598e+00
8.847718015851774e+00
8.954317028090953e+00
9.060916040330131e+00
9.167515052569309e+00
9.274114064808487e+00
9.380713077047664e+00
9.487312089286844e+00
9.593911101526020e+00
9.700510113765198e+00
9.807109126004377e+00
9.913708138243555e+00
1.002030715048273e+01
1.012690616272191e+01
1.023350517496109e+01
1.034010418720027e+01
1.044670319943945e+01
1.055330221167862e+01
1.065990122391780e+01
1.076650023615698e+01
1.087309924839616e+01
1.097969826063533e+01
1.108629727287451e+01
1.119289628511369e+01
1.129949529735287e+01
1.140609430959205e+01
1.151269332183123e+01
1.161929233407040e+01
1.172589134630958e+01
1.183249035854876e+01
1.193908937078794e+01
1.204568838302712e+01
1.215228739526629e+01
1.225888640750547e+01
1.236548541974465e+01
1.247208443198383e+01
1.257868344422300e+01
1.268528245646218e+01
1.279188146870136e+01
1.289848048094054e+01
1.300507949317972e+01
1.311167850541890e+01
1.321827751765807e+01
1.332487652989725e+01
1.343147554213643e+01
1.353807455437561e+01
1.364467356661478e+01
1.375127257885396e+01
1.385787159109314e+01
1.396447060333232e+01
1.407106961557150e+01
1.417766862781068e+01
1.428426764004985e+01
1.439086665228903e+01
1.449746566452821e+01
1.460406467676739e+01
1.471066368900657e+01
1.481726270124574e+01
1.492386171348492e+01
1.503046072572410e+01
1.513705973796328e+01
1.524365875020245e+01
1.535025776244163e+01
1.545685677468081e+01
1.556345578691999e+01
1.567005479915917e+01
1.577665381139835e+01
1.588325282363752e+01
1.598985183587670e+01
1.609645084811588e+01
1.620304986035506e+01
1.630964887259424e+01
1.641624788483341e+01
1.652284689707259e+01
1.662944590931177e+01
1.673604492155095e+01
1.684264393379013e+01
1.694924294602930e+01
1.705584195826848e+01
1.716244097050766e+01
1.726903998274684e+01
1.737563899498602e+01
1.748223800722520e+01
1.758883701946437e+01
1.769543603170355e+01
1.780203504394273e+01
1.790863405618191e+01
1.801523306842108e+01
1.812183208066026e+01
1.822843109289944e+01
1.833503010513862e+01
1.844162911737780e+01
1.854822812961697e+01
1.865482714185615e+01
1.876142615409533e+01
1.886802516633451e+01
1.897462417857369e+01
1.908122319081286e+01
1.918782220305204e+01
1.929442121529122e+01
1.940102022753040e+01
1.950761923976957e+01
1.961421825200875e+01
1.972081726424793e+01
1.982741627648711e+01
1.993401528872629e+01
2.004061430096547e+01
2.014721331320465e+01
2.025381232544382e+01
2.036041133768300e+01
2.046701034992218e+01
2.057360936216136e+01
2.068020837440054e+01
2.078680738663971e+01
2.089340639887889e+01
2.100000541111807e+01
2.110660442335724e+01
2.121320343559642e+01
