0.000000000000000e+00
1.305565935353425e-01
2.611131870706850e-01
3.916697806060275e-01
5.222263741413700e-01
6.527829676767125e-01
7.833395612120549e-01
9.138961547473975e-01
1.044452748282740e+00
1.175009341818082e+00
1.305565935353425e+00
1.436122528888768e+00
1.566679122424110e+00
1.697235715959452e+00
1.827792309494795e+00
1.958348903030138e+00
2.088905496565480e+00
2.219462090100822e+00
2.350018683636165e+00
2.480575277171507e+00
2.611131870706850e+00
2.741688464242192e+00
2.872245057777535e+00
3.002801651312877e+00
3.133358244848220e+00
3.263914838383562e+00
3.394471431918905e+00
3.525028025454247e+00
3.655584618989590e+00
3.786141212524932e+00
3.916697806060275e+00
4.047254399595618e+00
4.177810993130960e+00
4.308367586666303e+00
4.438924180201645e+00
4.569480773736988e+00
4.700037367272330e+00
4.830593960807673e+00
4.961150554343015e+00
5.091707147878357e+00
5.222263741413700e+00
5.352820334949043e+00
5.483376928484384e+00
5.613933522019726e+00
5.744490115555070e+00
5.875046709090413e+00
6.005603302625754e+00
6.136159896161097e+00
6.266716489696440e+00
6.397273083231783e+00
6.527829676767125e+00
6.658386270302467e+00
6.788942863837810e+00
6.919499457373153e+00
7.050056050908495e+00
7.180612644443837e+00
7.311169237979180e+00
7.441725831514523e+00
7.572282425049864e+00
7.702839018585206e+00
7.833395612120550e+00
7.963952205655893e+00
8.094508799191235e+00
8.225065392726576e+00
8.355621986261919e+00
8.486178579797263e+00
8.616735173332605e+00
8.747291766867948e+00
8.877848360403290e+00
9.008404953938633e+00
9.138961547473976e+00
9.269518141009316e+00
9.400074734544660e+00
9.530631328080004e+00
9.661187921615346e+00
9.791744515150686e+00
9.922301108686030e+00
1.005285770222137e+01
1.018341429575671e+01
1.031397088929206e+01
1.044452748282740e+01
1.057508407636274e+01
1.070564066989808e+01
1.083619726343343e+01
1.096675385696877e+01
1.109731045050411e+01
1.122786704403945e+01
1.135842363757480e+01
1.148898023111014e+01
1.161953682464548e+01
1.175009341818082e+01
1.188065001171617e+01
1.201120660525151e+01
1.214176319878685e+01
1.227231979232219e+01
1.240287638585754e+01
1.253343297939288e+01
1.266398957292822e+01
1.279454616646357e+01
1.292510275999891e+01
1.305565935353425e+01
1.318621594706959e+01
1.331677254060493e+01
1.344732913414028e+01
1.357788572767562e+01
1.370844232121096e+01
1.383899891474631e+01
1.396955550828165e+01
1.410011210181699e+01
1.423066869535233e+01
1.436122528888767e+01
1.449178188242302e+01
1.462233847595836e+01
1.475289506949370e+01
1.488345166302905e+01
1.501400825656439e+01
1.514456485009973e+01
1.527512144363507e+01
1.540567803717041e+01
1.553623463070576e+01
1.566679122424110e+01
1.579734781777644e+01
1.592790441131179e+01
1.605846100484712e+01
1.618901759838247e+01
1.631957419191781e+01
1.645013078545315e+01
1.658068737898850e+01
1.671124397252384e+01
1.684180056605918e+01
1.697235715959453e+01
1.710291375312987e+01
1.723347034666521e+01
1.736402694020055e+01
1.749458353373590e+01
1.762514012727124e+01
1.775569672080658e+01
1.788625331434192e+01
1.801680990787727e+01
1.814736650141261e+01
1.827792309494795e+01
1.840847968848329e+01
1.853903628201863e+01
1.866959287555398e+01
1.880014946908932e+01
1.893070606262466e+01
1.906126265616001e+01
1.919181924969535e+01
1.932237584323069e+01
1.945293243676603e+01
1.958348903030137e+01
1.971404562383671e+01
1.984460221737206e+01
1.997515881090740e+01
2.010571540444274e+01
2.023627199797809e+01
2.036682859151343e+01
2.049738518504877e+01
2.062794177858411e+01
2.075849837211945e+01
2.088905496565480e+01
2.101961155919014e+01
2.115016815272549e+01
2.128072474626083e+01
2.141128133979617e+01
2.154183793333151e+01
2.167239452686685e+01
2.180295112040220e+01
2.193350771393754e+01
2.206406430747288e+01
2.219462090100823e+01
2.232517749454357e+01
2.245573408807891e+01
2.258629068161425e+01
2.271684727514959e+01
2.284740386868494e+01
2.297796046222028e+01
2.310851705575562e+01
2.323907364929097e+01
2.336963024282631e+01
2.350018683636165e+01
2.363074342989700e+01
2.376130002343233e+01
2.389185661696768e+01
2.402241321050302e+01
2.415296980403836e+01
2.428352639757371e+01
2.441408299110905e+01
2.454463958464439e+01
2.467519617817973e+01
2.480575277171507e+01
2.493630936525042e+01
2.506686595878576e+01
2.519742255232110e+01
2.532797914585645e+01
2.545853573939179e+01
2.558909233292713e+01
2.571964892646247e+01
2.585020551999781e+01
2.598076211353316e+01
