0.000000000000000e+00
6.963018321884926e-02
1.392603664376985e-01
2.088905496565482e-01
2.785207328753974e-01
3.481509160942466e-01
4.177810993130959e-01
4.874112825319452e-01
5.570414657507948e-01
6.266716489696441e-01
6.963018321884933e-01
7.659320154073430e-01
8.355621986261917e-01
9.051923818450415e-01
9.748225650638908e-01
1.044452748282740e+00
1.114082931501590e+00
1.183713114720438e+00
1.253343297939288e+00
1.322973481158138e+00
1.392603664376987e+00
1.462233847595836e+00
1.531864030814686e+00
1.601494214033535e+00
1.671124397252384e+00
1.740754580471233e+00
1.810384763690083e+00
1.880014946908933e+00
1.949645130127782e+00
2.019275313346630e+00
2.088905496565480e+00
2.158535679784330e+00
2.228165863003179e+00
2.297796046222028e+00
2.367426229440877e+00
2.437056412659727e+00
2.506686595878576e+00
2.576316779097426e+00
2.645946962316275e+00
2.715577145535125e+00
2.785207328753973e+00
2.854837511972823e+00
2.924467695191673e+00
2.994097878410522e+00
3.063728061629371e+00
3.133358244848220e+00
3.202988428067070e+00
3.272618611285919e+00
3.342248794504768e+00
3.411878977723618e+00
3.481509160942466e+00
3.551139344161316e+00
3.620769527380166e+00
3.690399710599015e+00
3.760029893817864e+00
3.829660077036714e+00
3.899290260255563e+00
3.968920443474413e+00
4.038550626693262e+00
4.108180809912111e+00
4.177810993130961e+00
4.247441176349810e+00
4.317071359568660e+00
4.386701542787508e+00
4.456331726006358e+00
4.525961909225208e+00
4.595592092444056e+00
4.665222275662906e+00
4.734852458881755e+00
4.804482642100605e+00
4.874112825319454e+00
4.943743008538303e+00
5.013373191757153e+00
5.083003374976001e+00
5.152633558194851e+00
5.222263741413700e+00
5.291893924632550e+00
5.361524107851399e+00
5.431154291070249e+00
5.500784474289099e+00
5.570414657507946e+00
5.640044840726796e+00
5.709675023945646e+00
5.779305207164495e+00
5.848935390383345e+00
5.918565573602193e+00
5.988195756821043e+00
6.057825940039892e+00
6.127456123258742e+00
6.197086306477591e+00
6.266716489696440e+00
6.336346672915290e+00
6.405976856134139e+00
6.475607039352989e+00
6.545237222571838e+00
6.614867405790687e+00
6.684497589009537e+00
6.754127772228386e+00
6.823757955447236e+00
6.893388138666085e+00
6.963018321884933e+00
7.032648505103783e+00
7.102278688322633e+00
7.171908871541483e+00
7.241539054760332e+00
7.311169237979180e+00
7.380799421198030e+00
7.450429604416879e+00
7.520059787635729e+00
7.589689970854578e+00
7.659320154073428e+00
7.728950337292276e+00
7.798580520511126e+00
7.868210703729975e+00
7.937840886948825e+00
8.007471070167675e+00
8.077101253386523e+00
8.146731436605373e+00
8.216361619824221e+00
8.285991803043071e+00
8.355621986261921e+00
8.425252169480769e+00
8.494882352699619e+00
8.564512535918469e+00
8.634142719137319e+00
8.703772902356167e+00
8.773403085575016e+00
8.843033268793866e+00
8.912663452012715e+00
8.982293635231565e+00
9.051923818450415e+00
9.121554001669264e+00
9.191184184888112e+00
9.260814368106962e+00
9.330444551325812e+00
9.400074734544662e+00
9.469704917763510e+00
9.539335100982360e+00
9.608965284201210e+00
9.678595467420058e+00
9.748225650638908e+00
9.817855833857756e+00
9.887486017076606e+00
9.957116200295454e+00
1.002674638351431e+01
1.009637656673316e+01
1.016600674995200e+01
1.023563693317085e+01
1.030526711638970e+01
1.037489729960855e+01
1.044452748282740e+01
1.051415766604625e+01
1.058378784926510e+01
1.065341803248395e+01
1.072304821570280e+01
1.079267839892165e+01
1.086230858214050e+01
1.093193876535935e+01
1.100156894857819e+01
1.107119913179704e+01
1.114082931501589e+01
1.121045949823474e+01
1.128008968145359e+01
1.134971986467244e+01
1.141935004789129e+01
1.148898023111014e+01
1.155861041432899e+01
1.162824059754784e+01
1.169787078076669e+01
1.176750096398554e+01
1.183713114720439e+01
1.190676133042324e+01
1.197639151364209e+01
1.204602169686094e+01
1.211565188007978e+01
1.218528206329863e+01
1.225491224651748e+01
1.232454242973633e+01
1.239417261295518e+01
1.246380279617403e+01
1.253343297939288e+01
1.260306316261173e+01
1.267269334583058e+01
1.274232352904943e+01
1.281195371226828e+01
1.288158389548713e+01
1.295121407870598e+01
1.302084426192483e+01
1.309047444514368e+01
1.316010462836253e+01
1.322973481158137e+01
1.329936499480022e+01
1.336899517801907e+01
1.343862536123792e+01
1.350825554445677e+01
1.357788572767562e+01
1.364751591089447e+01
1.371714609411332e+01
1.378677627733217e+01
1.385640646055102e+01
