0.000000000000000e+00
5.685280652756154e-02
1.137056130551231e-01
1.705584195826849e-01
2.274112261102465e-01
2.842640326378080e-01
3.411168391653696e-01
3.979696456929311e-01
4.548224522204929e-01
5.116752587480545e-01
5.685280652756161e-01
6.253808718031779e-01
6.822336783307391e-01
7.390864848583010e-01
7.959392913858626e-01
8.527920979134240e-01
9.096449044409859e-01
9.664977109685472e-01
1.023350517496109e+00
1.080203324023671e+00
1.137056130551232e+00
1.193908937078794e+00
1.250761743606355e+00
1.307614550133917e+00
1.364467356661479e+00
1.421320163189040e+00
1.478172969716602e+00
1.535025776244164e+00
1.591878582771725e+00
1.648731389299286e+00
1.705584195826848e+00
1.762437002354410e+00
1.819289808881972e+00
1.876142615409533e+00
1.932995421937094e+00
1.989848228464656e+00
2.046701034992218e+00
2.103553841519780e+00
2.160406648047341e+00
2.217259454574903e+00
2.274112261102464e+00
2.330965067630026e+00
2.387817874157588e+00
2.444670680685149e+00
2.501523487212711e+00
2.558376293740272e+00
2.615229100267834e+00
2.672081906795396e+00
2.728934713322957e+00
2.785787519850519e+00
2.842640326378080e+00
2.899493132905642e+00
2.956345939433204e+00
3.013198745960765e+00
3.070051552488327e+00
3.126904359015889e+00
3.183757165543450e+00
3.240609972071012e+00
3.297462778598574e+00
3.354315585126135e+00
3.411168391653697e+00
3.468021198181258e+00
3.524874004708820e+00
3.581726811236381e+00
3.638579617763943e+00
3.695432424291505e+00
3.752285230819066e+00
3.809138037346628e+00
3.865990843874189e+00
3.922843650401751e+00
3.979696456929313e+00
4.036549263456874e+00
4.093402069984436e+00
4.150254876511998e+00
4.207107683039559e+00
4.263960489567120e+00
4.320813296094682e+00
4.377666102622245e+00
4.434518909149806e+00
4.491371715677368e+00
4.548224522204928e+00
4.605077328732491e+00
4.661930135260052e+00
4.718782941787614e+00
4.775635748315176e+00
4.832488554842737e+00
4.889341361370298e+00
4.946194167897860e+00
5.003046974425422e+00
5.059899780952984e+00
5.116752587480544e+00
5.173605394008106e+00
5.230458200535669e+00
5.287311007063230e+00
5.344163813590792e+00
5.401016620118352e+00
5.457869426645915e+00
5.514722233173476e+00
5.571575039701038e+00
5.628427846228600e+00
5.685280652756160e+00
5.742133459283722e+00
5.798986265811284e+00
5.855839072338846e+00
5.912691878866408e+00
5.969544685393969e+00
6.026397491921530e+00
6.083250298449093e+00
6.140103104976654e+00
6.196955911504216e+00
6.253808718031778e+00
6.310661524559339e+00
6.367514331086901e+00
6.424367137614462e+00
6.481219944142024e+00
6.538072750669586e+00
6.594925557197147e+00
6.651778363724708e+00
6.708631170252271e+00
6.765483976779832e+00
6.822336783307394e+00
6.879189589834954e+00
6.936042396362517e+00
6.992895202890078e+00
7.049748009417640e+00
7.106600815945202e+00
7.163453622472763e+00
7.220306429000324e+00
7.277159235527886e+00
7.334012042055448e+00
7.390864848583010e+00
7.447717655110571e+00
7.504570461638132e+00
7.561423268165695e+00
7.618276074693256e+00
7.675128881220818e+00
7.731981687748378e+00
7.788834494275941e+00
7.845687300803502e+00
7.902540107331064e+00
7.959392913858625e+00
8.016245720386186e+00
8.073098526913748e+00
8.129951333441310e+00
8.186804139968872e+00
8.243656946496435e+00
8.300509753023995e+00
8.357362559551557e+00
8.414215366079118e+00
8.471068172606680e+00
8.527920979134242e+00
8.584773785661804e+00
8.641626592189365e+00
8.698479398716927e+00
8.755332205244489e+00
8.812185011772049e+00
8.869037818299612e+00
8.925890624827172e+00
8.982743431354734e+00
9.039596237882296e+00
9.096449044409859e+00
9.153301850937419e+00
9.210154657464981e+00
9.267007463992542e+00
9.323860270520104e+00
9.380713077047666e+00
9.437565883575228e+00
9.494418690102789e+00
9.551271496630351e+00
9.608124303157913e+00
9.664977109685474e+00
9.721829916213036e+00
9.778682722740596e+00
9.835535529268158e+00
9.892388335795721e+00
9.949241142323281e+00
1.000609394885084e+01
1.006294675537841e+01
1.011979956190597e+01
1.017665236843353e+01
1.023350517496109e+01
1.029035798148865e+01
1.034721078801621e+01
1.040406359454378e+01
1.046091640107134e+01
1.051776920759890e+01
1.057462201412646e+01
1.063147482065402e+01
1.068832762718158e+01
1.074518043370914e+01
1.080203324023670e+01
1.085888604676427e+01
1.091573885329183e+01
1.097259165981939e+01
1.102944446634695e+01
1.108629727287451e+01
1.114315007940208e+01
1.120000288592964e+01
1.125685569245720e+01
1.131370849898476e+01
