0.000000000000000e+00
4.020100502512558e-02
8.040201005025116e-02
1.206030150753770e-01
1.608040201005025e-01
2.010050251256281e-01
2.412060301507537e-01
2.814070351758793e-01
3.216080402010051e-01
3.618090452261307e-01
4.020100502512562e-01
4.422110552763820e-01
4.824120603015074e-01
5.226130653266332e-01
5.628140703517588e-01
6.030150753768844e-01
6.432160804020102e-01
6.834170854271355e-01
7.236180904522613e-01
7.638190954773869e-01
8.040201005025125e-01
8.442211055276383e-01
8.844221105527639e-01
9.246231155778895e-01
9.648241206030150e-01
1.005025125628141e+00
1.045226130653266e+00
1.085427135678392e+00
1.125628140703518e+00
1.165829145728643e+00
1.206030150753769e+00
1.246231155778895e+00
1.286432160804020e+00
1.326633165829146e+00
1.366834170854271e+00
1.407035175879397e+00
1.447236180904523e+00
1.487437185929648e+00
1.527638190954774e+00
1.567839195979900e+00
1.608040201005025e+00
1.648241206030151e+00
1.688442211055277e+00
1.728643216080402e+00
1.768844221105528e+00
1.809045226130653e+00
1.849246231155779e+00
1.889447236180905e+00
1.929648241206030e+00
1.969849246231156e+00
2.010050251256281e+00
2.050251256281407e+00
2.090452261306533e+00
2.130653266331658e+00
2.170854271356784e+00
2.211055276381910e+00
2.251256281407035e+00
2.291457286432161e+00
2.331658291457286e+00
2.371859296482412e+00
2.412060301507538e+00
2.452261306532663e+00
2.492462311557789e+00
2.532663316582914e+00
2.572864321608040e+00
2.613065326633166e+00
2.653266331658291e+00
2.693467336683417e+00
2.733668341708543e+00
2.773869346733668e+00
2.814070351758794e+00
2.854271356783920e+00
2.894472361809045e+00
2.934673366834171e+00
2.974874371859296e+00
3.015075376884422e+00
3.055276381909548e+00
3.095477386934673e+00
3.135678391959799e+00
3.175879396984925e+00
3.216080402010050e+00
3.256281407035176e+00
3.296482412060302e+00
3.336683417085427e+00
3.376884422110553e+00
3.417085427135678e+00
3.457286432160804e+00
3.497487437185930e+00
3.537688442211055e+00
3.577889447236181e+00
3.618090452261306e+00
3.658291457286432e+00
3.698492462311558e+00
3.738693467336684e+00
3.778894472361809e+00
3.819095477386934e+00
3.859296482412060e+00
3.899497487437186e+00
3.939698492462312e+00
3.979899497487438e+00
4.020100502512562e+00
4.060301507537688e+00
4.100502512562814e+00
4.140703517587940e+00
4.180904522613066e+00
4.221105527638191e+00
4.261306532663316e+00
4.301507537688442e+00
4.341708542713568e+00
4.381909547738694e+00
4.422110552763820e+00
4.462311557788945e+00
4.502512562814070e+00
4.542713567839196e+00
4.582914572864322e+00
4.623115577889448e+00
4.663316582914573e+00
4.703517587939698e+00
4.743718592964824e+00
4.783919597989950e+00
4.824120603015076e+00
4.864321608040201e+00
4.904522613065327e+00
4.944723618090452e+00
4.984924623115578e+00
5.025125628140704e+00
5.065326633165829e+00
5.105527638190955e+00
5.145728643216080e+00
5.185929648241206e+00
5.226130653266332e+00
5.266331658291457e+00
5.306532663316583e+00
5.346733668341709e+00
5.386934673366834e+00
5.427135678391960e+00
5.467336683417085e+00
5.507537688442211e+00
5.547738693467337e+00
5.587939698492463e+00
5.628140703517588e+00
5.668341708542713e+00
5.708542713567839e+00
5.748743718592965e+00
5.788944723618091e+00
5.829145728643216e+00
5.869346733668341e+00
5.909547738693467e+00
5.949748743718593e+00
5.989949748743719e+00
6.030150753768845e+00
6.070351758793970e+00
6.110552763819095e+00
6.150753768844221e+00
6.190954773869347e+00
6.231155778894473e+00
6.271356783919598e+00
6.311557788944723e+00
6.351758793969849e+00
6.391959798994975e+00
6.432160804020101e+00
6.472361809045227e+00
6.512562814070352e+00
6.552763819095477e+00
6.592964824120603e+00
6.633165829145729e+00
6.673366834170855e+00
6.713567839195980e+00
6.753768844221105e+00
6.793969849246231e+00
6.834170854271357e+00
6.874371859296483e+00
6.914572864321608e+00
6.954773869346734e+00
6.994974874371859e+00
7.035175879396984e+00
7.075376884422111e+00
7.115577889447236e+00
7.155778894472363e+00
7.195979899497488e+00
7.236180904522612e+00
7.276381909547739e+00
7.316582914572864e+00
7.356783919597991e+00
7.396984924623116e+00
7.437185929648241e+00
7.477386934673367e+00
7.517587939698492e+00
7.557788944723619e+00
7.597989949748744e+00
7.638190954773869e+00
7.678391959798995e+00
7.718592964824120e+00
7.758793969849247e+00
7.798994974874372e+00
7.839195979899497e+00
7.879396984924623e+00
7.919597989949750e+00
7.959798994974875e+00
8.000000000000000e+00
