7.851639550365511e+12
7.851639550365511e+12
1.097894588338730e+13
7.799102112935316e+12
8.004185214835788e+12
1.090381998284775e+13
7.641917231615272e+12
8.405317963503952e+12
1.067927529708536e+13
7.381401200072634e+12
8.917968877664473e+12
1.030782708823143e+13
7.019855173600415e+12
9.385444226133912e+12
9.793717611155820e+12
6.560706128151476e+12
9.142978280305016e+12
9.672271210681275e+12
6.008667419880050e+12
8.363492572941794e+12
9.678761497906656e+12
5.369889171406859e+12
7.465039842631750e+12
9.342476320473055e+12
4.652068663508845e+12
6.459299905402910e+12
8.635694974800544e+12
3.864494956983207e+12
5.359800757666146e+12
7.562025124482953e+12
3.018009262018835e+12
4.181796684931598e+12
6.152698069622592e+12
2.124871929782843e+12
2.942070633343840e+12
4.462430539802428e+12
1.198537086840083e+12
1.658662189652176e+12
2.564716386306675e+12
2.533456826550562e+11
3.505299574232782e+11
5.465335808403315e+11
6.958439086050629e+11
9.628363003224496e+11
1.497430252450039e+12
1.634062334567384e+12
2.261833348656347e+12
3.470847866970654e+12
2.546643710930983e+12
3.527168612940541e+12
5.281887030948861e+12
3.419618236468524e+12
4.740266726705985e+12
6.849169482463879e+12
4.240055286107982e+12
5.883636222606936e+12
8.107339714276838e+12
4.996334204347798e+12
6.941178082405364e+12
9.012091501606814e+12
5.678327339963027e+12
7.898423692797726e+12
9.544600258905500e+12
6.277488984264547e+12
8.742696833184289e+12
9.715436663363646e+12
6.786853946007611e+12
9.463201887381445e+12
9.568124917319443e+12
7.200959430448607e+12
9.182290809172180e+12
1.005104765454758e+13
7.515712442072145e+12
8.674999775018771e+12
1.049922204735866e+13
7.728230840680869e+12
8.194770020066720e+12
1.080253681512877e+13
7.836688391816605e+12
7.896075542711849e+12
1.095756264466920e+13
7.840192058818115e+12
7.885736880941293e+12
1.096257333646023e+13
7.738713442227583e+12
8.167627071458593e+12
1.081751340219124e+13
7.533086496159624e+12
8.640377126416495e+12
1.052399697282720e+13
7.225071924609238e+12
9.150747404245828e+12
1.008533827865266e+13
6.817476868660781e+12
9.506606296080770e+12
9.548727383405143e+12
6.314308537016830e+12
8.794689588885166e+12
9.714832207777848e+12
5.720933828088271e+12
7.958352856877547e+12
9.566943676629395e+12
5.044214605036441e+12
7.008264859922140e+12
9.059221377392527e+12
4.292590221917620e+12
5.956978411996838e+12
8.179005352152463e+12
3.476084591890101e+12
4.818846828653150e+12
6.943277398419583e+12
2.606223502571940e+12
3.609867009342197e+12
5.394776426170695e+12
1.695857765748531e+12
2.347446461867562e+12
3.597604480058914e+12
7.588978864633185e+11
1.050099144404378e+12
1.632239523494267e+12
1.900248495648734e+11
2.629178624737612e+11
4.100010198264612e+11
1.135948510878909e+12
1.572008906657299e+12
2.432899393012208e+12
2.063994431061415e+12
2.857663465257529e+12
4.341467810480552e+12
2.959775116615678e+12
4.100875009349814e+12
6.048030270927458e+12
3.809766960323115e+12
5.283531529617516e+12
7.478023208471563e+12
4.601622034145255e+12
6.388757052515108e+12
8.575324923140858e+12
5.324399330875037e+12
7.401188386392041e+12
9.307003867385314e+12
5.968704073837859e+12
8.307177835692175e+12
9.667491745401566e+12
6.526733399610648e+12
9.094920030787430e+12
9.682311558669158e+12
6.992236873266577e+12
9.411491495144369e+12
9.754508520046969e+12
7.360409745125561e+12
8.952206194892152e+12
1.027793446869014e+13
7.627744327245783e+12
8.437778213497816e+12
1.065904484707424e+13
7.791869161790596e+12
8.024414356717250e+12
1.089348016430779e+13
7.851405894757930e+12
7.852340414518279e+12
1.097861168417070e+13
7.805869639718389e+12
7.985092028600727e+12
1.091349509907239e+13
7.655630525561124e+12
8.373359102386179e+12
1.069885220666585e+13
7.401943218700621e+12
8.883521551902051e+12
1.033708499804668e+13
7.047039207919536e+12
9.358580304821596e+12
9.832318774634527e+12
6.594265481978487e+12
9.190463622702451e+12
9.660971039895799e+12
6.048244683090785e+12
8.419277864288175e+12
9.688494977535334e+12
5.415027121866789e+12
7.528413781899928e+12
9.376290560423166e+12
4.702204701673763e+12
6.529425410384168e+12
8.694424203667643e+12
3.918960594698005e+12
5.435720507569560e+12
7.644526541942826e+12
3.076035622564236e+12
4.262443573978848e+12
6.256110290735021e+12
2.185601553902449e+12
3.026283316094109e+12
4.582466287912302e+12
1.261041663226790e+12
1.745205391802197e+12
2.695995105767760e+12
3.166487047054249e+11
4.381187478756606e+11
6.829509516942264e+11
6.327410570268954e+11
8.755094776619370e+11
1.362305776405979e+12
1.572152701809631e+12
2.176070361074628e+12
3.343365697598238e+12
2.486887502063326e+12
3.444237648863493e+12
5.167908337155981e+12
3.362917893753620e+12
4.661376202837029e+12
6.753679942793040e+12
4.187234647838817e+12
5.809911972095074e+12
8.034093905608592e+12
4.948123056806881e+12
6.873644879200438e+12
8.963296356892326e+12
5.635352125265524e+12
7.837991732216287e+12
9.520637245652439e+12
6.240269778451835e+12
8.690153292453107e+12
9.714613756499484e+12
6.755807141509321e+12
9.419207187494111e+12
9.586448253084598e+12
7.176404923483093e+12
9.213281874476611e+12
1.001613559582662e+13
7.497883624223270e+12
8.709738812003830e+12
1.047380265325227e+13
7.717285405124415e+12
8.222736839125943e+12
1.078690053934173e+13
7.832717947645133e+12
7.907736934838190e+12
1.095188460450026e+13
7.843228823292202e+12
7.876739210201253e+12
1.096691643367442e+13
7.748732823390797e+12
8.141351193019045e+12
1.083182955698092e+13
7.550005110007331e+12
8.605918785860706e+12
1.054812617508288e+13
7.248741396658332e+12
9.118692239835389e+12
1.011900568349088e+13
6.847674518637358e+12
9.528285193420320e+12
9.549418079479611e+12
6.350726618670077e+12
8.846128662241133e+12
9.712818782955762e+12
5.763169310717714e+12
8.017775761915760e+12
9.587675585986037e+12
5.091761505149758e+12
7.074901198996718e+12
9.104684779863961e+12
4.344836238146751e+12
6.029934013181771e+12
8.249081413789848e+12
3.532313318949402e+12
4.897111525872954e+12
7.035987304752283e+12
2.665622879149470e+12
3.692327480467905e+12
5.506554551075850e+12
1.757534732415508e+12
2.432904068925151e+12
3.723609551601086e+12
8.218985729660443e+11
1.137292219626918e+12
1.766705308784081e+12
1.266906562524454e+11
1.752882871706013e+11
2.733820376558609e+11
1.073280295427050e+12
1.485251274255018e+12
2.300571556408753e+12
2.002973209720876e+12
2.773067329273859e+12
4.219602418260423e+12
2.901337027725458e+12
4.019683741339429e+12
5.942126444913250e+12
3.754780054660806e+12
5.206917602308171e+12
7.392534084672419e+12
4.550867817626628e+12
6.317801144677370e+12
8.513319769511405e+12
5.278560132201674e+12
7.336863172296107e+12
9.269870199718367e+12
5.928356705715340e+12
8.250336852029553e+12
9.654672945292232e+12
6.492348909909312e+12
9.046291507535371e+12
9.691068567110889e+12
6.964185513620222e+12
9.436687279034043e+12
9.714693576806863e+12
7.338969701948865e+12
8.986188648421006e+12
1.024740867418044e+13
7.613112348906789e+12
8.470691974473347e+12
1.063816187058335e+13
7.784171048288853e+12
8.045745323002932e+12
1.088247615367831e+13
7.850704936263282e+12
7.854441750525614e+12
1.097760910292009e+13
7.812171497483258e+12
7.967167243753071e+12
1.092250503588771e+13
7.668883691931002e+12
8.341949222903054e+12
1.071777459591788e+13
7.422034975091680e+12
8.848909586023178e+12
1.036570669871543e+13
7.073787794965078e+12
9.330935308831818e+12
9.870309971630561e+12
6.627409876052471e+12
9.237373462173531e+12
9.648435308391580e+12
6.087433833499957e+12
8.474530547970362e+12
9.696705646383281e+12
5.459810682048649e+12
7.591306481820520e+12
9.408450208292900e+12
4.752027175568116e+12
6.599129308854426e+12
8.751507436024466e+12
3.973160451865244e+12
5.511286030887204e+12
7.725514635946518e+12
3.133850380734213e+12
4.342810507427036e+12
6.358247756892970e+12
2.246179169163305e+12
3.110296014390648e+12
4.701551004474679e+12
1.323457890299557e+12
1.831632792261506e+12
2.826708274154800e+12
3.799294671173021e+11
5.256784119503535e+11
8.192243959895273e+11
5.695937554317036e+11
7.881244728988695e+11
1.226894465497588e+12
1.510133144327791e+12
2.090163145205555e+12
3.215184165016014e+12
2.426958894573844e+12
3.361079496315914e+12
5.052862634871603e+12
3.305987230983223e+12
4.582180267592530e+12
6.656825583128242e+12
4.134131554036868e+12
5.735810220003248e+12
7.959277836706255e+12
4.899583947686948e+12
6.805669298712659e+12
8.912837729395789e+12
5.592010494395785e+12
7.777060475035486e+12
9.495047201409922e+12
6.202652767476315e+12
8.637061901787538e+12
9.712345810876855e+12
6.724337873142861e+12
9.374624567748533e+12
9.603668607373910e+12
7.151409436923177e+12
9.243680703273504e+12
9.980603923197715e+12
7.479600739839382e+12
8.744546549749362e+12
1.044774007979519e+13
7.705877540182268e+12
8.251483426291005e+12
1.077060535193952e+13
7.828280868516255e+12
7.920700546009764e+12
1.094553949504693e+13
7.845798576690048e+12
7.869098481161609e+12
1.097059172298496e+13
7.758288615915848e+12
8.115984584865792e+12
1.084548456944874e+13
7.566467627692120e+12
8.571672852386777e+12
1.057160843417628e+13
7.271966860973257e+12
9.086166564929865e+12
1.015204812037979e+13
6.877445532044894e+12
9.506828648603949e+12
9.591634940619391e+12
6.386741440892130e+12
8.897011193707941e+12
9.709415502989229e+12
5.805031540340430e+12
8.076688982799973e+12
9.606804730360391e+12
5.138972182564615e+12
7.141083122685190e+12
9.148481091217521e+12
4.396790147655557e+12
6.102498531798269e+12
8.317559004264024e+12
3.588300803046189e+12
4.975055863661203e+12
7.127283239564842e+12
2.724837864004595e+12
3.774544690770354e+12
5.617199759253160e+12
1.819088986039217e+12
2.518200552862461e+12
3.848837311804669e+12
8.848415570881711e+11
1.224409742460970e+12
1.900799425004108e+12
6.334755519999199e+10
8.764705735494496e+10
1.367054277903622e+11
1.010536810387867e+12
1.398395033932800e+12
2.167760452396737e+12
1.941812435011621e+12
2.688287760664594e+12
4.096858942057156e+12
2.842698860210968e+12
3.938228099637965e+12
5.835006508100116e+12
3.699537718037311e+12
5.129963784751641e+12
7.305571503892521e+12
4.499809048852205e+12
6.246436508985721e+12
8.449685776742064e+12
5.232374139047048e+12
7.272067996085057e+12
9.231072930993832e+12
5.887627407153695e+12
8.192972859146319e+12
9.640293005835979e+12
6.457554301297327e+12
8.997095381552652e+12
9.698519461573164e+12
6.935702327024729e+12
9.460997494110574e+12
9.674274893659273e+12
7.317081941015628e+12
9.019871925291129e+12
1.021625127488784e+13
7.598021852521995e+12
8.504011159999045e+12
1.061662741569419e+13
7.776008051876479e+12
8.068142392149463e+12
1.087080849436181e+13
7.849536699868983e+12
7.857939793317120e+12
1.097593818883458e+13
7.818007458833425e+12
7.950441527761414e+12
1.093084934928927e+13
7.681676232710745e+12
8.311135552828105e+12
1.073604151892080e+13
7.441675665289396e+12
8.814178830178621e+12
1.039369072606380e+13
7.100099778702729e+12
9.302545555328533e+12
9.907689199857496e+12
6.660137753662136e+12
9.283705240449268e+12
9.634689026377105e+12
6.126232871803453e+12
8.529247499978628e+12
9.703407658266654e+12
5.504237383457236e+12
7.653714256864116e+12
9.438959509388873e+12
4.801533143199397e+12
6.668407376767248e+12
8.806940050316943e+12
4.027091135457978e+12
5.586492609930648e+12
7.804977053211055e+12
3.191449743217708e+12
4.422892341656925e+12
6.459091670197902e+12
2.306600659486812e+12
3.194103247920211e+12
4.819660914465259e+12
1.385781429184499e+12
1.917938681314537e+12
2.956828775391356e+12
4.431835240642134e+11
6.132031305943947e+11
9.553252180724381e+11
5.064064330442457e+11
7.006870881461875e+11
1.091224771166608e+12
1.448007952391324e+12
2.004117360912258e+12
3.086329662418050e+12
2.366861927419444e+12
3.277699555652778e+12
4.936772525458811e+12
3.248829941256352e+12
4.502683958892395e+12
6.558623618751464e+12
4.080749281250613e+12
5.661335558064869e+12
7.882901917784937e+12
4.850719693753761e+12
6.737255424833297e+12
8.860717982174943e+12
5.548304789287348e+12
7.715633458448817e+12
9.467823337882695e+12
6.164639829242331e+12
8.583425634071454e+12
9.708615863040365e+12
6.692447586234650e+12
9.329456436752391e+12
9.619757954747955e+12
7.125974028103375e+12
9.273448094723504e+12
9.944454493513395e+12
7.460864507090603e+12
8.779375582035793e+12
1.042103565107415e+13
7.694007668864999e+12
8.280964871979395e+12
1.075365206365698e+13
7.823377313550195e+12
7.934943680076235e+12
1.093852762832270e+13
7.847901227231121e+12
7.862828282014169e+12
1.097359902391770e+13
7.767380469540993e+12
8.091568349353879e+12
1.085847776298498e+13
7.582473413656446e+12
8.537687548358097e+12
1.059444256469800e+13
7.294747355396198e+12
9.053212281249441e+12
1.018446387651650e+13
6.906788571721415e+12
9.484388809260400e+12
9.633254619629588e+12
6.422351244899875e+12
8.947334361496336e+12
9.704642206730814e+12
5.846518300787322e+12
8.135089131904908e+12
9.624340513866297e+12
5.185843946799275e+12
7.206806690005855e+12
9.190610285023896e+12
4.448448793452397e+12
6.174667506456219e+12
8.384429744531102e+12
3.644043456340635e+12
5.052674915769161e+12
7.217149671112905e+12
2.783864502058935e+12
3.856513327198938e+12
5.726690736575772e+12
1.880516292987980e+12
2.603330312042071e+12
3.973262213966927e+12
9.477224349563955e+11
1.311445936684008e+12
2.034493794319292e+12
0.000000000000000e+00
0.000000000000000e+00
4.918847222093353e-02
