7.851639550365511e+12
7.851639550365511e+12
1.097894588338730e+13
7.835990081153385e+12
7.835990081153385e+12
1.095706323397611e+13
7.789104056891855e+12
7.789104056891855e+12
1.089150251640209e+13
7.711168379027034e+12
7.711168379027034e+12
1.078252507491687e+13
7.602493722032311e+12
7.602493722032311e+12
1.063056532556934e+13
7.463513294968764e+12
7.463513294968764e+12
1.043622902449580e+13
7.294781114586774e+12
7.294781114586774e+12
1.020029085319837e+13
7.096969796852737e+12
7.096969796852737e+12
9.923691330437236e+12
6.870867875704520e+12
6.870867875704520e+12
9.607533063047004e+12
6.617376659723884e+12
6.617376659723884e+12
9.253076350622416e+12
6.337506639256082e+12
6.337506639256082e+12
8.861734161594463e+12
6.032373458298937e+12
6.032373458298937e+12
8.435066500723763e+12
5.703193467218603e+12
5.703193467218603e+12
7.974774190463970e+12
5.351278874020193e+12
5.351278874020193e+12
7.482692090984539e+12
4.978032513501778e+12
4.978032513501779e+12
6.960781785879897e+12
4.584942255143357e+12
4.584942255143357e+12
6.411123762721800e+12
4.173575072022665e+12
4.173575072022665e+12
5.835909119625594e+12
3.745570794400846e+12
3.745570794400846e+12
5.237430830890412e+12
3.302635572877993e+12
3.302635572877994e+12
4.618074606530981e+12
2.846535077176396e+12
2.846535077176396e+12
3.980309382137708e+12
2.379087457663077e+12
2.379087457663077e+12
3.326677476975169e+12
1.902156097669099e+12
1.902156097669100e+12
2.659784459551767e+12
1.417642185497029e+12
1.417642185497029e+12
1.982288761059367e+12
9.274771357266379e+11
9.274771357266379e+11
1.296891078086714e+12
4.336148900298732e+11
4.336148900298732e+11
6.063236068506602e+11
6.197587181384562e+10
6.197587181384562e+10
8.666084813945436e+10
5.573195796527080e+11
5.573195796527080e+11
7.792998475680656e+11
1.050441648164609e+12
1.050441648164610e+12
1.468832329206775e+12
1.539376348133504e+12
1.539376348133505e+12
2.152509614318368e+12
2.022174642422682e+12
2.022174642422682e+12
2.827606364696551e+12
2.496911955408497e+12
2.496911955408497e+12
3.491431446663453e+12
2.961695844903357e+12
2.961695844903357e+12
4.141338658717882e+12
3.414673545985420e+12
3.414673545985420e+12
4.774737280070748e+12
3.854039356663038e+12
3.854039356663039e+12
5.389102398018070e+12
4.278041835932608e+12
4.278041835932608e+12
5.981984972983696e+12
4.684990785536139e+12
4.684990785536139e+12
6.551021601109406e+12
5.073263987587317e+12
5.073263987587318e+12
7.093943935475986e+12
5.441313671207867e+12
5.441313671207867e+12
7.608587728399430e+12
5.787672682396277e+12
5.787672682396277e+12
8.092901458757067e+12
6.110960332534040e+12
6.110960332534040e+12
8.544954509952561e+12
6.409887902215470e+12
6.409887902215470e+12
8.962944865919949e+12
6.683263778461299e+12
6.683263778461300e+12
9.345206294488307e+12
6.929998204837543e+12
6.929998204837543e+12
9.690214989471928e+12
7.149107625544329e+12
7.149107625544329e+12
9.996595645008791e+12
7.339718606157817e+12
7.339718606157818e+12
1.026312693793314e+13
7.501071315396025e+12
7.501071315396026e+12
1.048874639632788e+13
7.632522554029212e+12
7.632522554029212e+12
1.067255463484933e+13
7.733548318860666e+12
7.733548318860666e+12
1.081381893994096e+13
7.803745891557176e+12
7.803745891557176e+12
1.091197619064463e+13
7.842835444002426e+12
7.842835444002426e+12
1.096663510336589e+13
7.850661153773959e+12
7.850661153773959e+12
1.097757779164515e+13
7.827191825297054e+12
7.827191825297054e+12
1.094476063471703e+13
7.772521014199440e+12
7.772521014199441e+12
1.086831445139554e+13
7.686866654371130e+12
7.686866654371130e+12
1.074854397859187e+13
7.570570189215989e+12
7.570570189215989e+12
1.058592665654376e+13
7.424095210558186e+12
7.424095210558186e+12
1.038111072559854e+13
7.248025610629184e+12
7.248025610629184e+12
1.013491264213709e+13
7.043063254502025e+12
7.043063254502025e+12
9.848313823939064e+12
6.810025182251285e+12
6.810025182251285e+12
9.522456737963857e+12
6.549840351991645e+12
6.549840351991645e+12
9.158640346142111e+12
6.263545936778354e+12
6.263545936778354e+12
8.758314927332432e+12
5.952283190131218e+12
5.952283190131218e+12
8.323076296084475e+12
5.617292896663234e+12
5.617292896663235e+12
7.854659441253969e+12
5.259910425949241e+12
5.259910425949241e+12
7.354931609828299e+12
4.881560409350989e+12
4.881560409350989e+12
6.825884863532168e+12
4.483751061018719e+12
4.483751061018719e+12
6.269628137885326e+12
4.068068165707084e+12
4.068068165707084e+12
5.688378835366882e+12
3.636168757371968e+12
3.636168757371969e+12
5.084453986198597e+12
3.189774513747099e+12
3.189774513747099e+12
4.460261011982797e+12
2.730664893231489e+12
2.730664893231490e+12
3.818288129013571e+12
2.260670041446384e+12
2.260670041446385e+12
3.161094429516872e+12
1.781663495737873e+12
1.781663495737874e+12
2.491299680358117e+12
1.295554716707497e+12
1.295554716707498e+12
1.811573879883040e+12
8.042814765421885e+11
8.042814765421885e+11
1.124626614521098e+12
3.098021344858351e+11
3.098021344858405e+11
4.331962575790363e+11
1.859121697549868e+11
1.859121697549868e+11
2.599609467182041e+11
6.808853735522601e+11
6.808853735522601e+11
9.520818704256759e+11
1.173144368521667e+12
1.173144368521669e+12
1.640407516516773e+12
1.660726865911490e+12
1.660726865911491e+12
2.322194017054803e+12
2.141689218861125e+12
2.141689218861125e+12
2.994723571055386e+12
2.614114170347652e+12
2.614114170347652e+12
3.655315278438463e+12
3.076118495934744e+12
3.076118495934744e+12
4.301335826882437e+12
3.525860510857622e+12
3.525860510857622e+12
4.930209988979445e+12
3.961547411518835e+12
3.961547411518835e+12
5.539430887847315e+12
4.381442422129243e+12
4.381442422129243e+12
6.126569990276107e+12
4.783871718005805e+12
4.783871718005805e+12
6.689286787573907e+12
5.167231097927765e+12
5.167231097927765e+12
7.225338125521047e+12
5.529992378953241e+12
5.529992378953241e+12
7.732587146240745e+12
5.870709488204767e+12
5.870709488204768e+12
8.209011806341517e+12
6.188024227339917e+12
6.188024227339917e+12
8.652712937375199e+12
6.480671686728342e+12
6.480671686728342e+12
9.061921816479529e+12
6.747485287752599e+12
6.747485287752599e+12
9.435007217026303e+12
6.987401433132688e+12
6.987401433132688e+12
9.770481911169166e+12
7.199463746736847e+12
7.199463746736847e+12
1.006700859837013e+13
7.382826885977316e+12
7.382826885977316e+12
1.032340523627176e+13
7.536759911593892e+12
7.536759911593892e+12
1.053864975266474e+13
7.660649201392214e+12
7.660649201392214e+12
1.071188411976756e+13
7.754000896321829e+12
7.754000896321829e+12
1.084241777457690e+13
7.816442869143243e+12
7.816442869143243e+12
1.092973037165432e+13
7.847726207836244e+12
7.847726207836245e+12
1.097347385737587e+13
7.847726207836244e+12
7.847726207836245e+12
1.097347385737587e+13
7.816442869143243e+12
7.816442869143243e+12
1.092973037165432e+13
7.754000896321831e+12
7.754000896321831e+12
1.084241777457690e+13
7.660649201392215e+12
7.660649201392216e+12
1.071188411976756e+13
7.536759911593893e+12
7.536759911593894e+12
1.053864975266474e+13
7.382826885977318e+12
7.382826885977318e+12
1.032340523627176e+13
7.199463746736846e+12
7.199463746736846e+12
1.006700859837013e+13
6.987401433132694e+12
6.987401433132694e+12
9.770481911169174e+12
6.747485287752601e+12
6.747485287752601e+12
9.435007217026305e+12
6.480671686728344e+12
6.480671686728344e+12
9.061921816479531e+12
6.188024227339912e+12
6.188024227339912e+12
8.652712937375191e+12
5.870709488204765e+12
5.870709488204766e+12
8.209011806341514e+12
5.529992378953249e+12
5.529992378953250e+12
7.732587146240757e+12
5.167231097927768e+12
5.167231097927768e+12
7.225338125521051e+12
4.783871718005809e+12
4.783871718005809e+12
6.689286787573912e+12
4.381442422129235e+12
4.381442422129236e+12
6.126569990276097e+12
3.961547411518833e+12
3.961547411518833e+12
5.539430887847313e+12
3.525860510857632e+12
3.525860510857632e+12
4.930209988979460e+12
3.076118495934748e+12
3.076118495934748e+12
4.301335826882443e+12
2.614114170347656e+12
2.614114170347656e+12
3.655315278438469e+12
2.141689218861116e+12
2.141689218861116e+12
2.994723571055373e+12
1.660726865911487e+12
1.660726865911488e+12
2.322194017054798e+12
1.173144368521679e+12
1.173144368521680e+12
1.640407516516789e+12
6.808853735522651e+11
6.808853735522651e+11
9.520818704256830e+11
1.859121697549868e+11
1.859121697549868e+11
2.599609467182041e+11
3.098021344858516e+11
3.098021344858570e+11
4.331962575790594e+11
8.042814765421694e+11
8.042814765421715e+11
1.124626614521073e+12
1.295554716707494e+12
1.295554716707494e+12
1.811573879883035e+12
1.781663495737869e+12
1.781663495737870e+12
2.491299680358111e+12
2.260670041446385e+12
2.260670041446385e+12
3.161094429516873e+12
2.730664893231484e+12
2.730664893231485e+12
3.818288129013564e+12
3.189774513747082e+12
3.189774513747082e+12
4.460261011982772e+12
3.636168757371964e+12
3.636168757371964e+12
5.084453986198591e+12
4.068068165707080e+12
4.068068165707080e+12
5.688378835366874e+12
4.483751061018721e+12
4.483751061018721e+12
6.269628137885328e+12
4.881560409350985e+12
4.881560409350985e+12
6.825884863532163e+12
5.259910425949228e+12
5.259910425949228e+12
7.354931609828279e+12
5.617292896663231e+12
5.617292896663231e+12
7.854659441253965e+12
5.952283190131214e+12
5.952283190131214e+12
8.323076296084470e+12
6.263545936778360e+12
6.263545936778360e+12
8.758314927332439e+12
6.549840351991642e+12
6.549840351991643e+12
9.158640346142107e+12
6.810025182251279e+12
6.810025182251279e+12
9.522456737963850e+12
7.043063254502023e+12
7.043063254502023e+12
9.848313823939061e+12
7.248025610629182e+12
7.248025610629182e+12
1.013491264213709e+13
7.424095210558188e+12
7.424095210558188e+12
1.038111072559855e+13
7.570570189215988e+12
7.570570189215989e+12
1.058592665654375e+13
7.686866654371127e+12
7.686866654371127e+12
1.074854397859187e+13
7.772521014199440e+12
7.772521014199440e+12
1.086831445139553e+13
7.827191825297054e+12
7.827191825297054e+12
1.094476063471703e+13
7.850661153773959e+12
7.850661153773959e+12
1.097757779164515e+13
7.842835444002427e+12
7.842835444002427e+12
1.096663510336590e+13
7.803745891557175e+12
7.803745891557175e+12
1.091197619064463e+13
7.733548318860666e+12
7.733548318860667e+12
1.081381893994096e+13
7.632522554029212e+12
7.632522554029212e+12
1.067255463484933e+13
7.501071315396029e+12
7.501071315396029e+12
1.048874639632789e+13
7.339718606157819e+12
7.339718606157819e+12
1.026312693793314e+13
7.149107625544329e+12
7.149107625544329e+12
9.996595645008791e+12
6.929998204837546e+12
6.929998204837546e+12
9.690214989471932e+12
6.683263778461299e+12
6.683263778461299e+12
9.345206294488307e+12
6.409887902215476e+12
6.409887902215477e+12
8.962944865919957e+12
6.110960332534043e+12
6.110960332534043e+12
8.544954509952564e+12
5.787672682396276e+12
5.787672682396276e+12
8.092901458757065e+12
5.441313671207868e+12
5.441313671207868e+12
7.608587728399431e+12
5.073263987587316e+12
5.073263987587316e+12
7.093943935475983e+12
4.684990785536145e+12
4.684990785536146e+12
6.551021601109415e+12
4.278041835932613e+12
4.278041835932613e+12
5.981984972983702e+12
3.854039356663037e+12
3.854039356663037e+12
5.389102398018067e+12
3.414673545985421e+12
3.414673545985421e+12
4.774737280070749e+12
2.961695844903355e+12
2.961695844903355e+12
4.141338658717879e+12
2.496911955408503e+12
2.496911955408504e+12
3.491431446663463e+12
2.022174642422686e+12
2.022174642422687e+12
2.827606364696558e+12
1.539376348133501e+12
1.539376348133502e+12
2.152509614318364e+12
1.050441648164610e+12
1.050441648164610e+12
1.468832329206776e+12
5.573195796527019e+11
5.573195796527048e+11
7.792998475680591e+11
6.197587181384562e+10
6.197587181384562e+10
8.666084813945436e+10
4.336148900298574e+11
4.336148900298574e+11
6.063236068506381e+11
9.274771357266454e+11
9.274771357266454e+11
1.296891078086725e+12
1.417642185497024e+12
1.417642185497024e+12
1.982288761059360e+12
1.902156097669103e+12
1.902156097669103e+12
2.659784459551771e+12
2.379087457663068e+12
2.379087457663069e+12
3.326677476975158e+12
2.846535077176382e+12
2.846535077176382e+12
3.980309382137688e+12
3.302635572877998e+12
3.302635572877998e+12
4.618074606530987e+12
3.745570794400842e+12
3.745570794400843e+12
5.237430830890407e+12
4.173575072022667e+12
4.173575072022667e+12
5.835909119625597e+12
4.584942255143351e+12
4.584942255143351e+12
6.411123762721791e+12
4.978032513501768e+12
4.978032513501768e+12
6.960781785879882e+12
5.351278874020197e+12
5.351278874020197e+12
7.482692090984545e+12
5.703193467218599e+12
5.703193467218600e+12
7.974774190463966e+12
6.032373458298940e+12
6.032373458298940e+12
8.435066500723768e+12
6.337506639256079e+12
6.337506639256079e+12
8.861734161594457e+12
6.617376659723876e+12
6.617376659723876e+12
9.253076350622404e+12
6.870867875704521e+12
6.870867875704522e+12
9.607533063047008e+12
7.096969796852734e+12
7.096969796852735e+12
9.923691330437234e+12
7.294781114586774e+12
7.294781114586774e+12
1.020029085319837e+13
7.463513294968763e+12
7.463513294968763e+12
1.043622902449579e+13
7.602493722032307e+12
7.602493722032307e+12
1.063056532556933e+13
7.711168379027035e+12
7.711168379027036e+12
1.078252507491688e+13
7.789104056891856e+12
7.789104056891856e+12
1.089150251640209e+13
7.835990081153385e+12
7.835990081153385e+12
1.095706323397611e+13
7.851639550365511e+12
7.851639550365511e+12
1.097894588338730e+13
