0.000000000000000e+00
0.000000000000000e+00
9.397838446218209e-04
7.071033929958901e+11
7.071033929958905e+11
1.378942075308062e+12
1.402943136066383e+12
1.402943136066383e+12
2.735918592315137e+12
2.076435001151234e+12
2.076435001151235e+12
4.049313888310557e+12
2.716850745858926e+12
2.716850745858927e+12
5.298206518178498e+12
3.313989006673808e+12
3.313989006673809e+12
6.462702518014134e+12
3.858337799360602e+12
3.858337799360603e+12
7.524252301700898e+12
4.341226038051426e+12
4.341226038051427e+12
8.465946142513862e+12
4.754961659424869e+12
4.754961659424870e+12
9.272783532939002e+12
5.092954151758056e+12
5.092954151758056e+12
9.931912131999727e+12
5.349819537051779e+12
5.349819537051779e+12
1.043283249383116e+13
5.521466133938699e+12
5.521466133938701e+12
1.076756531632264e+13
5.605159735233037e+12
5.605159735233038e+12
1.093077854567775e+13
5.599567161890089e+12
5.599567161890090e+12
1.091987231220719e+13
5.504777499592295e+12
5.504777499592296e+12
1.073502034438835e+13
5.322300679678190e+12
5.322300679678190e+12
1.037916720149524e+13
5.055043427019092e+12
5.055043427019092e+12
9.857981368881070e+12
4.707262957976561e+12
4.707262957976562e+12
9.179764963071936e+12
4.284499165998980e+12
4.284499165998981e+12
8.355321485004704e+12
3.793486375092067e+12
3.793486375092067e+12
7.397783728005259e+12
3.242046066867212e+12
3.242046066867212e+12
6.322404581809426e+12
2.638962289948879e+12
2.638962289948879e+12
5.146314064968671e+12
1.993841736379837e+12
1.993841736379838e+12
3.888246455940029e+12
1.316960713906664e+12
1.316960713906664e+12
2.568241869466178e+12
6.191014517674369e+11
6.191014517674371e+11
1.207327031920183e+12
8.861965248722031e+10
8.861965248722031e+10
1.728196593656273e+11
7.949291092346208e+11
7.949291092346210e+11
1.550213457421703e+12
1.488575915384331e+12
1.488575915384331e+12
2.902913466893227e+12
2.158510774788532e+12
2.158510774788533e+12
4.209372146767519e+12
2.794062105605179e+12
2.794062105605179e+12
5.448778547248756e+12
3.385106030943206e+12
3.385106030943207e+12
6.601389813262830e+12
3.922227644960704e+12
3.922227644960705e+12
7.648845673979383e+12
4.396870985562757e+12
4.396870985562759e+12
8.574460908758423e+12
4.801475324741371e+12
4.801475324741372e+12
9.363491130748672e+12
5.129595605550217e+12
5.129595605550219e+12
1.000336765439568e+13
5.376005107239450e+12
5.376005107239453e+12
1.048389770558856e+13
5.536778703168728e+12
5.536778703168729e+12
1.079742678524148e+13
5.609355385259551e+12
5.609355385259552e+12
1.093896059997439e+13
5.592579059017235e+12
5.592579059017236e+12
1.090624461762475e+13
5.486716959287063e+12
5.486716959287064e+12
1.069979998032792e+13
5.293455393394868e+12
5.293455393394869e+12
1.032291520309674e+13
5.015872879480716e+12
5.015872879480718e+12
9.781593790135799e+12
4.658391107912836e+12
4.658391107912838e+12
9.084458603325178e+12
4.226704506931190e+12
4.226704506931192e+12
8.242614506214797e+12
3.727689534489609e+12
3.727689534489609e+12
7.269471471512389e+12
3.169295141212276e+12
3.169295141212277e+12
6.180530969835705e+12
2.560416149311164e+12
2.560416149311165e+12
4.993139042402994e+12
1.910751564447470e+12
1.910751564447470e+12
3.726209991036812e+12
1.230650077527382e+12
1.230650077527383e+12
2.399925086900972e+12
5.309452174779292e+11
5.309452174779292e+11
1.035411097324713e+12
1.772172190991885e+11
1.772172190991885e+11
3.455962484490478e+11
8.825567124738762e+11
8.825567124738762e+11
1.721098493841994e+12
1.573837710376636e+12
1.573837710376636e+12
3.069184874576688e+12
2.240048602288261e+12
2.240048602288261e+12
4.368381341437356e+12
2.870577126498086e+12
2.870577126498087e+12
5.597992626473122e+12
3.455379415822015e+12
3.455379415822015e+12
6.738431903774014e+12
3.985139989203406e+12
3.985139989203407e+12
7.771532793560253e+12
4.451420140645465e+12
4.451420140645466e+12
8.680838739583632e+12
4.846792361745533e+12
4.846792361745535e+12
9.451865150265918e+12
5.164958656577123e+12
5.164958656577123e+12
1.007233012785470e+13
5.400850864248145e+12
5.400850864248145e+12
1.053235011024612e+13
5.550711391069101e+12
5.550711391069101e+12
1.082459730904077e+13
5.612153066325689e+12
5.612153066325691e+12
1.094441643595765e+13
5.584197168196213e+12
5.584197168196215e+12
1.088989885823760e+13
5.467289014088282e+12
5.467289014088283e+12
1.066191300179445e+13
5.263290867051882e+12
5.263290867051884e+12
1.026409051781295e+13
4.975452271264585e+12
4.975452271264585e+12
9.702768433150006e+12
4.608358289123315e+12
4.608358289123316e+12
8.986888206041656e+12
4.167856464488745e+12
4.167856464488746e+12
8.127853295086124e+12
3.660963675505313e+12
3.660963675505314e+12
7.139347510326626e+12
3.095754360764872e+12
3.095754360764872e+12
6.037117039971408e+12
2.481231899290726e+12
2.481231899290726e+12
4.838719624908377e+12
1.827185193166933e+12
1.827185193166933e+12
3.563244876485005e+12
1.144032737348592e+12
1.144032737348593e+12
2.231010192690444e+12
4.426566605091142e+11
4.426566605091143e+11
8.632371165767073e+11
2.657706194648515e+11
2.657706194648515e+11
5.182867077020297e+11
9.699643640778804e+11
9.699643640778804e+11
1.891554596435357e+12
1.658707272016492e+12
1.658707272016492e+12
3.234691377044896e+12
2.321028162714382e+12
2.321028162714383e+12
4.526301843895166e+12
2.946376739390327e+12
2.946376739390327e+12
5.745811568574817e+12
3.524791647709441e+12
3.524791647709441e+12
6.873794635785636e+12
4.047059153013599e+12
4.047059153013599e+12
7.892283084241242e+12
4.504859908506496e+12
4.504859908506497e+12
8.785053123403878e+12
4.890901476481670e+12
4.890901476481671e+12
9.537883566832336e+12
5.199034491625074e+12
5.199034491625077e+12
1.013878236548263e+13
5.424350615994320e+12
5.424350615994321e+12
1.057817763244878e+13
5.563260725321901e+12
5.563260725321903e+12
1.084907011625638e+13
5.613552081190674e+12
5.613552081190675e+12
1.094714469391881e+13
5.574423578369941e+12
5.574423578369941e+12
1.087083910775168e+13
5.446498505847196e+12
5.446498505847197e+12
1.062136885101728e+13
5.231814618281594e+12
5.231814618281594e+12
1.020270780598870e+13
4.933791676033654e+12
4.933791676033657e+12
9.621524942855170e+12
4.557176970835368e+12
4.557176970835369e+12
8.887078087809916e+12
4.107969704837538e+12
4.107969704837539e+12
8.011066452518402e+12
3.593325427622131e+12
3.593325427622131e+12
7.007444274067119e+12
3.021442053429254e+12
3.021442053429254e+12
5.892198533974504e+12
2.401429274262733e+12
2.401429274262733e+12
4.683094297040980e+12
1.743163449029905e+12
1.743163449029906e+12
3.399391726607690e+12
1.057130280227345e+12
1.057130280227345e+12
2.061539283967430e+12
3.542577842203582e+11
3.542577842203582e+11
6.908479990417646e+11
3.542577842203646e+11
3.542577842203647e+11
6.908479990417581e+11
1.057130280227338e+12
1.057130280227338e+12
2.061539283967417e+12
1.743163449029892e+12
1.743163449029892e+12
3.399391726607661e+12
2.401429274262726e+12
2.401429274262727e+12
4.683094297040968e+12
3.021442053429248e+12
3.021442053429249e+12
5.892198533974492e+12
3.593325427622125e+12
3.593325427622126e+12
7.007444274067108e+12
4.107969704837540e+12
4.107969704837541e+12
8.011066452518407e+12
4.557176970835356e+12
4.557176970835356e+12
8.887078087809896e+12
4.933791676033651e+12
4.933791676033652e+12
9.621524942855164e+12
5.231814618281591e+12
5.231814618281592e+12
1.020270780598870e+13
5.446498505847199e+12
5.446498505847200e+12
1.062136885101729e+13
5.574423578369941e+12
5.574423578369941e+12
1.087083910775168e+13
5.613552081190676e+12
5.613552081190677e+12
1.094714469391881e+13
5.563260725321900e+12
5.563260725321903e+12
1.084907011625638e+13
5.424350615994322e+12
5.424350615994323e+12
1.057817763244878e+13
5.199034491625070e+12
5.199034491625072e+12
1.013878236548262e+13
4.890901476481667e+12
4.890901476481669e+12
9.537883566832334e+12
4.504859908506506e+12
4.504859908506506e+12
8.785053123403896e+12
4.047059153013605e+12
4.047059153013605e+12
7.892283084241252e+12
3.524791647709446e+12
3.524791647709448e+12
6.873794635785646e+12
2.946376739390317e+12
2.946376739390318e+12
5.745811568574798e+12
2.321028162714380e+12
2.321028162714380e+12
4.526301843895161e+12
1.658707272016510e+12
1.658707272016510e+12
3.234691377044928e+12
9.699643640778879e+11
9.699643640778882e+11
1.891554596435371e+12
2.657706194648450e+11
2.657706194648450e+11
5.182867077020362e+11
4.426566605091324e+11
4.426566605091326e+11
8.632371165767355e+11
1.144032737348564e+12
1.144032737348564e+12
2.231010192690391e+12
1.827185193166928e+12
1.827185193166928e+12
3.563244876484993e+12
2.481231899290721e+12
2.481231899290721e+12
4.838719624908364e+12
3.095754360764873e+12
3.095754360764874e+12
6.037117039971412e+12
3.660963675505307e+12
3.660963675505308e+12
7.139347510326616e+12
4.167856464488727e+12
4.167856464488729e+12
8.127853295086088e+12
4.608358289123311e+12
4.608358289123311e+12
8.986888206041648e+12
4.975452271264582e+12
4.975452271264582e+12
9.702768433150000e+12
5.263290867051882e+12
5.263290867051884e+12
1.026409051781295e+13
5.467289014088281e+12
5.467289014088282e+12
1.066191300179445e+13
5.584197168196212e+12
5.584197168196213e+12
1.088989885823760e+13
5.612153066325690e+12
5.612153066325691e+12
1.094441643595765e+13
5.550711391069101e+12
5.550711391069103e+12
1.082459730904077e+13
5.400850864248141e+12
5.400850864248142e+12
1.053235011024611e+13
5.164958656577125e+12
5.164958656577126e+12
1.007233012785471e+13
4.846792361745542e+12
4.846792361745543e+12
9.451865150265934e+12
4.451420140645469e+12
4.451420140645469e+12
8.680838739583641e+12
3.985139989203410e+12
3.985139989203412e+12
7.771532793560264e+12
3.455379415822006e+12
3.455379415822006e+12
6.738431903773994e+12
2.870577126498094e+12
2.870577126498095e+12
5.597992626473134e+12
2.240048602288277e+12
2.240048602288277e+12
4.368381341437387e+12
1.573837710376643e+12
1.573837710376643e+12
3.069184874576701e+12
8.825567124738849e+11
8.825567124738849e+11
1.721098493842009e+12
1.772172190991914e+11
1.772172190991915e+11
3.455962484490449e+11
5.309452174779290e+11
5.309452174779291e+11
1.035411097324702e+12
1.230650077527391e+12
1.230650077527391e+12
2.399925086900980e+12
1.910751564447462e+12
1.910751564447462e+12
3.726209991036798e+12
2.560416149311166e+12
2.560416149311167e+12
4.993139042402999e+12
3.169295141212263e+12
3.169295141212263e+12
6.180530969835678e+12
3.727689534489603e+12
3.727689534489603e+12
7.269471471512377e+12
4.226704506931192e+12
4.226704506931192e+12
8.242614506214797e+12
4.658391107912832e+12
4.658391107912832e+12
9.084458603325170e+12
5.015872879480718e+12
5.015872879480719e+12
9.781593790135805e+12
5.293455393394862e+12
5.293455393394864e+12
1.032291520309673e+13
5.486716959287063e+12
5.486716959287064e+12
1.069979998032792e+13
5.592579059017233e+12
5.592579059017234e+12
1.090624461762475e+13
5.609355385259551e+12
5.609355385259552e+12
1.093896059997439e+13
5.536778703168728e+12
5.536778703168729e+12
1.079742678524148e+13
5.376005107239452e+12
5.376005107239454e+12
1.048389770558856e+13
5.129595605550220e+12
5.129595605550220e+12
1.000336765439568e+13
4.801475324741371e+12
4.801475324741371e+12
9.363491130748666e+12
4.396870985562757e+12
4.396870985562758e+12
8.574460908758422e+12
3.922227644960702e+12
3.922227644960702e+12
7.648845673979377e+12
3.385106030943214e+12
3.385106030943215e+12
6.601389813262849e+12
2.794062105605182e+12
2.794062105605183e+12
5.448778547248767e+12
2.158510774788529e+12
2.158510774788529e+12
4.209372146767513e+12
1.488575915384333e+12
1.488575915384333e+12
2.902913466893231e+12
7.949291092346194e+11
7.949291092346195e+11
1.550213457421698e+12
8.861965248720917e+10
8.861965248720920e+10
1.728196593656386e+11
6.191014517674136e+11
6.191014517674138e+11
1.207327031920140e+12
1.316960713906677e+12
1.316960713906678e+12
2.568241869466196e+12
1.993841736379829e+12
1.993841736379830e+12
3.888246455940016e+12
2.638962289948885e+12
2.638962289948886e+12
5.146314064968678e+12
3.242046066867202e+12
3.242046066867202e+12
6.322404581809405e+12
3.793486375092050e+12
3.793486375092051e+12
7.397783728005227e+12
4.284499165998985e+12
4.284499165998988e+12
8.355321485004714e+12
4.707262957976558e+12
4.707262957976559e+12
9.179764963071928e+12
5.055043427019092e+12
5.055043427019093e+12
9.857981368881070e+12
5.322300679678187e+12
5.322300679678188e+12
1.037916720149523e+13
5.504777499592291e+12
5.504777499592292e+12
1.073502034438834e+13
5.599567161890092e+12
5.599567161890092e+12
1.091987231220720e+13
5.605159735233036e+12
5.605159735233037e+12
1.093077854567775e+13
5.521466133938699e+12
5.521466133938700e+12
1.076756531632263e+13
5.349819537051781e+12
5.349819537051781e+12
1.043283249383116e+13
5.092954151758064e+12
5.092954151758065e+12
9.931912131999744e+12
4.754961659424862e+12
4.754961659424864e+12
9.272783532938990e+12
4.341226038051431e+12
4.341226038051434e+12
8.465946142513872e+12
3.858337799360601e+12
3.858337799360603e+12
7.524252301700896e+12
3.313989006673814e+12
3.313989006673814e+12
6.462702518014146e+12
2.716850745858945e+12
2.716850745858945e+12
5.298206518178533e+12
2.076435001151225e+12
2.076435001151225e+12
4.049313888310538e+12
1.402943136066368e+12
1.402943136066368e+12
2.735918592315108e+12
7.071033929958837e+11
7.071033929958837e+11
1.378942075308054e+12
0.000000000000000e+00
0.000000000000000e+00
8.458054601596389e-03
