3.074596193626532e+00
3.074596193626532e+00
3.470680148183605e+00
3.071512674409224e+00
3.083708125871027e+00
3.469066854921885e+00
3.062317764510364e+00
3.109327464399551e+00
3.464254421685462e+00
3.047177072434616e+00
3.147051655335706e+00
3.456324634963014e+00
3.026362218300932e+00
3.191481793712710e+00
3.445411979770241e+00
3.000244431023535e+00
3.237786654096716e+00
3.431700959245809e+00
2.969285946540776e+00
3.282502174265952e+00
3.415422454659343e+00
2.934029541461421e+00
3.323602035729925e+00
3.396849231761535e+00
2.895086589611025e+00
3.360185912630449e+00
3.376290721077985e+00
2.853124063599969e+00
3.354087212597428e+00
3.392087149833412e+00
2.808850907975665e+00
3.330603616259114e+00
3.419548712749531e+00
2.763004199093517e+00
3.306222938815229e+00
3.443002987179984e+00
2.716335466221866e+00
3.281339628295513e+00
3.462940154057585e+00
2.669597505230691e+00
3.256352921846957e+00
3.479837802609689e+00
2.623531949541230e+00
3.231660327629224e+00
3.494128127264632e+00
2.578857802795194e+00
3.207651348413040e+00
3.506186273152136e+00
2.536261070437528e+00
3.184701541857397e+00
3.516329624850036e+00
2.496385565885535e+00
3.163166991125201e+00
3.524822152122859e+00
2.459824914495412e+00
3.143379243687364e+00
3.531880612308580e+00
2.427115730575625e+00
3.125640759053134e+00
3.537680974631552e+00
2.398731913386684e+00
3.110220890946984e+00
3.542364301838423e+00
2.375079979349058e+00
3.097352419090305e+00
3.546041781728886e+00
2.356495338147911e+00
3.087228636331465e+00
3.548798835513774e+00
2.343239418291677e+00
3.080000988222837e+00
3.550698329823499e+00
2.335497551411853e+00
3.075777262321064e+00
3.551782958920995e+00
2.333377539216726e+00
3.074620319572214e+00
3.552076867758962e+00
2.336908845545066e+00
3.076547361801437e+00
3.551586568876056e+00
2.346042379058479e+00
3.081529732997837e+00
3.550301190672361e+00
2.360650856151105e+00
3.089493251078727e+00
3.548192063755095e+00
2.380529761070493e+00
3.100319073982006e+00
3.545211631380539e+00
2.405398943513724e+00
3.113845103106488e+00
3.541291642780700e+00
2.434904915871294e+00
3.129867931264811e+00
3.536340570340474e+00
2.468623932008786e+00
3.148145340181943e+00
3.530240178623623e+00
2.506065937173934e+00
3.168399353105196e+00
3.522841185858037e+00
2.546679486965561e+00
3.190319840630973e+00
3.513958005919497e+00
2.589857724419073e+00
3.213568674123119e+00
3.503362689948246e+00
2.634945491710274e+00
3.237784408189552e+00
3.490778460410099e+00
2.681247625327320e+00
3.262587463558606e+00
3.475873773031585e+00
2.728038447382161e+00
3.287585764406676e+00
3.458258853496231e+00
2.774572418422508e+00
3.312380770925255e+00
3.437488455475406e+00
2.820095860498785e+00
3.336573824822837e+00
3.413077634795470e+00
2.863859596949649e+00
3.359772712430526e+00
3.384542125791886e+00
2.905132289822041e+00
3.351481556995398e+00
3.381598329829746e+00
2.943214191360026e+00
3.313730721061927e+00
3.401691319143760e+00
2.977450968501886e+00
3.271605410361462e+00
3.419718534594982e+00
3.007247212073888e+00
3.226250118342003e+00
3.435379187989103e+00
3.032079211578915e+00
3.180030040035640e+00
3.448410521273806e+00
3.051506568070087e+00
3.136780941339338e+00
3.458592857846288e+00
3.065182229264245e+00
3.101584556752255e+00
3.465753893698474e+00
3.072860569774728e+00
3.079758856041899e+00
3.469772106541853e+00
3.074403201100895e+00
3.075174620473612e+00
3.470579182962250e+00
3.069782278612445e+00
3.088702888873525e+00
3.468161391069967e+00
3.059081169163527e+00
3.117831646704867e+00
3.462559857137756e+00
3.042492453875535e+00
3.157738147558677e+00
3.453869737936956e+00
3.020313346202275e+00
3.203043545444873e+00
3.442238313463152e+00
2.992938712209462e+00
3.249216601039592e+00
3.427862057842175e+00
2.960851968936761e+00
3.293167427952072e+00
3.410982775398701e+00
2.924614210547818e+00
3.333187574313685e+00
3.391882912909771e+00
2.884851961001183e+00
3.368595674405126e+00
3.370880179552823e+00
2.842243978561172e+00
3.348321618847657e+00
3.399353826870272e+00
2.797507538119017e+00
3.324577284233964e+00
3.425769091568101e+00
2.751384597458715e+00
3.300033668919499e+00
3.448297784372526e+00
2.704628213456278e+00
3.275087038561531e+00
3.467431719280412e+00
2.657989521739372e+00
3.250136801547848e+00
3.483639159527289e+00
2.612205532286865e+00
3.225579041281509e+00
3.497338567947852e+00
2.567987926360728e+00
3.201800316340198e+00
3.508890443609685e+00
2.526012976450727e+00
3.179171816676714e+00
3.518598297921344e+00
2.486912652055727e+00
3.158043946677994e+00
3.526713687998673e+00
2.451266920538671e+00
3.138741388136557e+00
3.533442584667223e+00
2.419597210251835e+00
3.121558679372020e+00
3.538951709496855e+00
2.392360973759870e+00
3.106756334128258e+00
3.543374220683130e+00
2.369947265184974e+00
3.094557511910929e+00
3.546814515072756e+00
2.352673237231202e+00
3.085145243436517e+00
3.549352107845350e+00
2.340781464747618e+00
3.078660208173076e+00
3.551044629997173e+00
2.334438006071648e+00
3.075199060064700e+00
3.551930014681136e+00
2.333731130565469e+00
3.074813292853986e+00
3.552027939194065e+00
2.338670661067920e+00
3.077508641982684e+00
3.551340572763721e+00
2.349187901359927e+00
3.083245017919105e+00
3.549852658971754e+00
2.365136145623645e+00
3.091936971563613e+00
3.547530935950834e+00
2.386291793757708e+00
3.103454693863830e+00
3.544322871855428e+00
2.412356116543019e+00
3.117625555146262e+00
3.540154670842039e+00
2.442957740884391e+00
3.134236189671047e+00
3.534928484603443e+00
2.477655936840455e+00
3.153035131804720e+00
3.528518759172435e+00
2.515944801240074e+00
3.173736006830786e+00
3.520767664414891e+00
2.557258432979573e+00
3.196021275213884e+00
3.511479617107148e+00
2.600977187693589e+00
3.219546519955437e+00
3.500415068483230e+00
2.646435081551170e+00
3.243945257678517e+00
3.487284052980505e+00
2.692928386099127e+00
3.268834239809561e+00
3.471740632742883e+00
2.739725415692155e+00
3.293819195303181e+00
3.453380544421699e+00
2.786077458186225e+00
3.318500949480938e+00
3.431746420717427e+00
2.831230744563868e+00
3.342481833896566e+00
3.406348397421678e+00
2.874439285954514e+00
3.365372286271388e+00
3.376713199308104e+00
2.914978343570760e+00
3.342481782382218e+00
3.386797521128729e+00
2.952158232718165e+00
3.303581997424098e+00
3.406404137367663e+00
2.985338106317711e+00
3.260500739520889e+00
3.423866518358279e+00
3.013939320096240e+00
3.214652052546977e+00
3.438892873331294e+00
3.037457957619318e+00
3.168757341884507e+00
3.451230768538764e+00
3.055476086057917e+00
3.127011849434913e+00
3.460672000866710e+00
3.067671336199278e+00
3.094684427633287e+00
3.467056678778107e+00
3.073824441779027e+00
3.076902667038471e+00
3.470276394945411e+00
3.073824441779027e+00
3.076902667038471e+00
3.470276394945411e+00
3.067671336199278e+00
3.094684427633287e+00
3.467056678778107e+00
3.055476086057917e+00
3.127011849434913e+00
3.460672000866710e+00
3.037457957619318e+00
3.168757341884507e+00
3.451230768538764e+00
3.013939320096240e+00
3.214652052546977e+00
3.438892873331294e+00
2.985338106317711e+00
3.260500739520889e+00
3.423866518358279e+00
2.952158232718165e+00
3.303581997424098e+00
3.406404137367663e+00
2.914978343570760e+00
3.342481782382218e+00
3.386797521128729e+00
2.874439285954514e+00
3.365372286330600e+00
3.376713199308104e+00
2.831230744623080e+00
3.342481833896566e+00
3.406348397421678e+00
2.786077458245436e+00
3.318500949540150e+00
3.431746420717427e+00
2.739725415692155e+00
3.293819195303181e+00
3.453380544421699e+00
2.692928386099127e+00
3.268834239809561e+00
3.471740632742883e+00
2.646435081491958e+00
3.243945257678517e+00
3.487284052980505e+00
2.600977187752801e+00
3.219546519955437e+00
3.500415068483230e+00
2.557258433038784e+00
3.196021275154672e+00
3.511479617107148e+00
2.515944801240074e+00
3.173736006771574e+00
3.520767664414891e+00
2.477655936840455e+00
3.153035131745508e+00
3.528518759172435e+00
2.442957740943604e+00
3.134236189671047e+00
3.534928484603443e+00
2.412356116543019e+00
3.117625555087050e+00
3.540154670842039e+00
2.386291793757708e+00
3.103454693863830e+00
3.544322871855428e+00
2.365136145623645e+00
3.091936971504401e+00
3.547530935891622e+00
2.349187901300715e+00
3.083245017919105e+00
3.549852658971754e+00
2.338670661067920e+00
3.077508641982684e+00
3.551340572763721e+00
2.333731130506257e+00
3.074813292853986e+00
3.552027939194065e+00
2.334438006071648e+00
3.075199060064700e+00
3.551930014681136e+00
2.340781464747618e+00
3.078660208173076e+00
3.551044629997173e+00
2.352673237171991e+00
3.085145243377305e+00
3.549352107904562e+00
2.369947265125762e+00
3.094557511970141e+00
3.546814515131969e+00
2.392360973759870e+00
3.106756334069046e+00
3.543374220683130e+00
2.419597210192623e+00
3.121558679372020e+00
3.538951709496855e+00
2.451266920479460e+00
3.138741388136557e+00
3.533442584608012e+00
2.486912652114939e+00
3.158043946677994e+00
3.526713687998673e+00
2.526012976450727e+00
3.179171816676714e+00
3.518598297921344e+00
2.567987926301516e+00
3.201800316340198e+00
3.508890443609685e+00
2.612205532286865e+00
3.225579041222297e+00
3.497338567947852e+00
2.657989521739372e+00
3.250136801488637e+00
3.483639159527289e+00
2.704628213456278e+00
3.275087038561531e+00
3.467431719280412e+00
2.751384597517927e+00
3.300033668978712e+00
3.448297784372526e+00
2.797507538178229e+00
3.324577284233964e+00
3.425769091568101e+00
2.842243978561172e+00
3.348321618847657e+00
3.399353826870272e+00
2.884851961001183e+00
3.368595674405126e+00
3.370880179493611e+00
2.924614210547818e+00
3.333187574313685e+00
3.391882912909771e+00
2.960851968936761e+00
3.293167427892860e+00
3.410982775398701e+00
2.992938712150250e+00
3.249216601039592e+00
3.427862057842175e+00
3.020313346202275e+00
3.203043545444873e+00
3.442238313463152e+00
3.042492453875535e+00
3.157738147558677e+00
3.453869737936956e+00
3.059081169163527e+00
3.117831646704867e+00
3.462559857137756e+00
3.069782278671657e+00
3.088702888932737e+00
3.468161391069967e+00
3.074403201100895e+00
3.075174620473612e+00
3.470579182962250e+00
3.072860569774728e+00
3.079758856041899e+00
3.469772106541853e+00
3.065182229264245e+00
3.101584556752255e+00
3.465753893698474e+00
3.051506568070087e+00
3.136780941339338e+00
3.458592857846288e+00
3.032079211578915e+00
3.180030040035640e+00
3.448410521273806e+00
3.007247212073888e+00
3.226250118342003e+00
3.435379187989103e+00
2.977450968501886e+00
3.271605410420674e+00
3.419718534594982e+00
2.943214191360026e+00
3.313730721061927e+00
3.401691319143760e+00
2.905132289822041e+00
3.351481556995398e+00
3.381598329829746e+00
2.863859596949649e+00
3.359772712430526e+00
3.384542125791886e+00
2.820095860557997e+00
3.336573824763625e+00
3.413077634795470e+00
2.774572418422508e+00
3.312380770925255e+00
3.437488455475406e+00
2.728038447382161e+00
3.287585764406676e+00
3.458258853496231e+00
2.681247625327320e+00
3.262587463499394e+00
3.475873773031585e+00
2.634945491710274e+00
3.237784408189552e+00
3.490778460410099e+00
2.589857724359862e+00
3.213568674123119e+00
3.503362689948246e+00
2.546679486906350e+00
3.190319840630973e+00
3.513958005919497e+00
2.506065937173934e+00
3.168399353045984e+00
3.522841185858037e+00
2.468623932067998e+00
3.148145340181943e+00
3.530240178623623e+00
2.434904915930507e+00
3.129867931264811e+00
3.536340570340474e+00
2.405398943513724e+00
3.113845103165700e+00
3.541291642839911e+00
2.380529761070493e+00
3.100319073982006e+00
3.545211631321327e+00
2.360650856091894e+00
3.089493251078727e+00
3.548192063755095e+00
2.346042379058479e+00
3.081529733057049e+00
3.550301190672361e+00
2.336908845604277e+00
3.076547361801437e+00
3.551586568816844e+00
2.333377539216726e+00
3.074620319572214e+00
3.552076867699750e+00
2.335497551411853e+00
3.075777262321064e+00
3.551782958920995e+00
2.343239418232465e+00
3.080000988163625e+00
3.550698329823499e+00
2.356495338088699e+00
3.087228636331465e+00
3.548798835572986e+00
2.375079979349058e+00
3.097352419090305e+00
3.546041781788098e+00
2.398731913445896e+00
3.110220890946984e+00
3.542364301838423e+00
2.427115730516413e+00
3.125640759053134e+00
3.537680974631552e+00
2.459824914436199e+00
3.143379243687364e+00
3.531880612249368e+00
2.496385565944747e+00
3.163166991065989e+00
3.524822152122859e+00
2.536261070378316e+00
3.184701541857397e+00
3.516329624909248e+00
2.578857802735982e+00
3.207651348413040e+00
3.506186273211348e+00
2.623531949541230e+00
3.231660327570013e+00
3.494128127264632e+00
2.669597505289903e+00
3.256352921846957e+00
3.479837802609689e+00
2.716335466221866e+00
3.281339628295513e+00
3.462940154057585e+00
2.763004199093517e+00
3.306222938874441e+00
3.443002987120773e+00
2.808850907975665e+00
3.330603616259114e+00
3.419548712749531e+00
2.853124063540756e+00
3.354087212656640e+00
3.392087149833412e+00
2.895086589611025e+00
3.360185912630449e+00
3.376290721077985e+00
2.934029541461421e+00
3.323602035729925e+00
3.396849231761535e+00
2.969285946540776e+00
3.282502174265952e+00
3.415422454659343e+00
3.000244431023535e+00
3.237786654096716e+00
3.431700959305021e+00
3.026362218300932e+00
3.191481793712710e+00
3.445411979770241e+00
3.047177072434616e+00
3.147051655335706e+00
3.456324634963014e+00
3.062317764510364e+00
3.109327464399551e+00
3.464254421685462e+00
3.071512674409224e+00
3.083708125871027e+00
3.469066854921885e+00
3.074596193626532e+00
3.074596193626532e+00
3.470680148183605e+00
